3930749
3930883
3930885
3930983
3931805
3932145
3932196
3932265
3933617
3934572
3935023
3935026
3935027
3935028
3935030
3936318
3937154
3937207
3938333
3938449
3938496
3939056
3939658
3939781
3939782
3939817
3939818
3940284
3941064
3941065
3941503
3942024
3942025
3942454
3942908
3943002
3943725
3943910
3944433
3944479
3944838
3944839
3945058
3945808
3945843
3946679
3946719
3946720
3946943
3947345
3948246
3948680
3948681
3949094
3949731
3950948
3951127
3951128
3951614
3951688
3952323
3952518
3952723
3952724
3952946
3953236
3953875
3953971
3954096
3954501
3954594
3954595
3955553
3955554
3956012
3956013
3956014
3956015
3956016
3956764
3957028
3957029
3957030
3957456
3957457
3957534
3957535
3957536
3957618
3958552
3958553
3959016
3959017
3959018
3960134
3960135
3960597
3960599
3960699
3960701
3961618
3961985
3961986
3962069
3962872
3963456
3963518
3963597
3964463
3964677
3964928
3964929
3965682
3965886
3966498
3966581
3966582
3967447
3968651
3968785
3969143
3969144
3969745
3970010
3970068
3970069
3970473
3970540
3971358
3971634
3971635
3971636
3971637
3971638
3971671
3972182
3972315
3972316
3972729
3972730
3972732
3972800
3972957
3973551
3973552
3973923
3973992
3973993
3973995
3974393
3974394
3974821
3974822
3974823
3975210
3975911
3976505
3976506
3976507
3976556
3976557
3977600
3977843
3977900
3977902
3977903
3977904
3977908
3977959
3978332
3979223
3979224
3979596
3980070
3981150
3981251
3981292
3981293
3981294
3981444
3981689
3981745
3981746
3981748
3982264
3982525
3982526
3982960
3982961
3982962
3982963
3983026
3983027
3983703
3983860
3984255
3984880
3984881
3984984
3985084
3985115
3985116
3985117
3985118
3985518
3985519
3985577
3985578
3985636
3986361
3986488
3986489
3986490
3987779
3987780
3987781
3987782
3987783
3988122
3988165
3988166
3988235
3988236
3988237
3988894
3988895
3989030
3989031
3989540
3990096
3990100
3990428
3990429
3990430
3990634
3990911
3990912
3990913
3991739
3991740
3991741
3991935
3991936
3991937
3992222
3993040
3993504
3993505
3994011
3994243
3994275
3994276
3994277
3994278
3994747
3995169
3995427
3995428
3995612
3995613
3995614
3995803
3996066
3996916
3996917
3996918
3997107
3997421
3997422
3997422
3997423
3997424
3997425
3998055
3998203
3998204
3998205
3998206
3998605
3998658
3999388
3999535
4000504
4000732
4000733
4000849
4000850
4001038
4001039
4001040
4001104
4001863
4002030
4002031
4002126
4002157
4002158
4002159
4002492
4002498
4002804
4003362
4003363
4003364
4003365
4003366
4003675
4003755
4003819
4003820
4004572
4004573
4004894
4004895
4004946
4005582
4005946
4006593
4006692
4006729
4006730
4006855
4006924
4007057
4007694
4007727
4007728
4008144
4008707
4008708
4009053
4009319
4009320
4009320
4010091
4010613
4010730
4010731
4010732
4010733
4011152
4011730
4011853
4011854
4011855
4011856
4011857
4012310
4012919
4013061
4013427
4014312
4014313
4015051
4015279
4015581
4015582
4015583
4015584
4015585
4016585
4016859
4016860
4017027
4017284
4017331
4017662
4017663
4018210
4018211
4018212
4018213
4018214
4018662
4019444
4019493
4019494
4019495
4019923
4019974
4020237
4020238
4020825
4020826
4020827
4020988
4021266
4021322
4021328
4021894
4022023
4022024
4022183
4022184
4022185
4022186
4022187
4022679
4022948
4023554
4023555
4023556
4024408
4024557
4024714
4024851
4024852
4025415
4026110
4026111
4026266
4026267
4026268
4026269
4026270
4026271
4026272
4026678
4027482
4027602
4027650
4027651
4027652
4027820
4028218
4028219
4028221
4028719
4028892
4028903
4029076
4029079
4029080
4029081
4029257
4029517
4029518
4029566
4029567
4029853
4030311
4030476
4030477
4030892
4031290
4031404
4031878
4031879
4031880
4032304
4032427
4032428
4032692
4032693
4033117
4033133
4033323
4033324
4033325
4033326
4033851
4034568
4034734
4034735
4034736
4034737
4034911
4035196
4035280
4035550
4035657
4036152
4036206
4036207
4036605
4036644
4036729
4036730
4036752
4037022
4037023
4037024
4037582
4037784
4037988
4038044
4038045
4038103
4038457
4038458
4038459
4038460
4038461
4038462
4038825
4038963
4038964
4038965
4038966
4038968
4038969
4038970
4038971
4039423
4039424
4039425
4039727
4039847
4039848
4040409
4040410
4040434
4040565
4040866
4040940
4041209
4041210
4041706
4041881
4042416
4042417
4042484
4042754
4043128
4043279
4043280
4043314
4043315
4043316
4043317
4043765
4043833
4043896
4044192
4044371
4044695
4044751
4044752
4044753
4044947
4044948
4045244
4045245
4045327
4045328
4046132
4046133
4046134
4046135
4046593
4046955
4047384
4047515
4047516
4047517
4048052
4048053
4048382
4048383
4048384
4048385
4048979
4048980
4048981
4048982
4049193
4049194
4049535
4049536
4049877
4050442
4050443
4050444
4050625
4050907
4051011
4051676
4051831
4051832
4051833
4051834
4051998
4051999
4052000
4052172
4052227
4052290
4052292
4052531
4052756
4052856
4052973
4052974
4052975
4053325
4053326
4053683
4053917
4054123
4054124
4054125
4054245
4054423
4054503
4054724
4055160
4055161
4055162
4055441
4055947
4056068
4056089
4056091
4056092
4056093
4056403
4056404
4056459
4056460
4057047
4057399
4057438
4057483
4057485
4057674
4057963
4058068
4058108
4058109
4058110
4059060
4059092
4059093
4059094
4059225
4059770
4059958
4060040
4060069
4060070
4060071
4060194
4060425
4060477
4060478
4060987
4061128
4061129
4061130
4061131
4061266
4061837
4061925
4062037
4062303
4062345
4062346
4062348
4062349
4062350
4062351
4062655
4062656
4062697
4063416
4063417
4063418
4063542
4063543
4063544
4063545
4063546
4063962
4064320
4064321
4064521
4064864
4064865
4064866
4064867
4066023
4066061
4066062
4066419
4066528
4066821
4066822
4066910
4067313
4067314
4067315
4067316
4067318
4067346
4067699
4067794
4068041
4068042
4068043
4068130
4068131
4068473
4068651
4068652
4069131
4069132
4069370
4069672
4069673
4069808
4069809
4069810
4069811
4069970
4070160
4070204
4070205
4070266
4070267
4070688
4070860
4070869
4071015
4071016
4071017
4071331
4071431
4071659
4072140
4072141
4072474
4072540
4073241
4073281
4073282
4073283
4073284
4073515
4073628
4074017
4074019
4074634
4074637
4074677
4074703
4074704
4074705
4075033
4075078
4075079
4075080
4075081
4075082
4075395
4075499
4075952
4076012
4076013
4076014
4076015
4076023
4076024
4076025
4076611
4076898
4077219
4077336
4077337
4077390
4077391
4077392
4077777
4077866
4078118
4078119
4078543
4078544
4078545
4078546
4078547
4078548
4078943
4078944
4078988
4079170
4079263
4079589
4079590
4079723
4079724
4079725
4080180
4080220
4080281
4080486
4080908
4080953
4080954
4080955
4080956
4081288
4081289
4081350
4081357
4081358
4081359
4081360
4081584
4081819
4081964
4081965
4081966
4082078
4082080
4082081
4082518
4082519
4082567
4082568
4082569
4082642
4082643
4082644
4082645
4082646
4082646
4082646
4082646
4082646
4083355
4083356
4083357
4083358
4083359
4083489
4083768
4083769
4084037
4084101
4084378
4084520
4084572
4084573
4084574
4084575
4084576
4084577
4084578
4084579
4084580
4084984
4085028
4085029
4085031
4085032
4085254
4085687
4085688
4085727
4085728
4085729
4085730
4085731
4085732
4085733
4086022
4086100
4086101
4086497
4086907
4086908
4086909
4086910
4086911
4086912
4087346
4087590
4088114
4088115
4088116
4088117
4088118
4088119
4088120
4088265
4088351
4088454
4088507
4088561
4089173
4089174
4089322
4089323
4089324
4089325
4089658
4089704
4089771
4089772
4090011
4090212
4090492
4090493
4090494
4090495
4090496
4090497
4090942
4090943
4090944
4090956
4090957
4091173
4091174
4091175
4091176
4091621
4091622
4091792
4091795
4091796
4091797
4091798
4091799
4092124
4092128
4092234
4092235
4092236
4092460
4092976
4092977
4092978
4093472
4094145
4094146
4094298
4094299
4094300
4094650
4094702
4094703
4094745
4094764
4094765
4094766
4094768
4095014
4095119
4095427
4095583
4095584
4095958
4095996
4096697
4096807
4096849
4096860
4097307
4097308
4097309
4097360
4098258
4098259
4098260
4098261
4098262
4098263
4098264
4098957
4098958
4098959
4099198
4099512
4099513
4099514
4099515
4099516
4099932
4099985
4100330
4100331
4100755
4100913
4100914
4101293
4101294
4101340
4101411
4101715
4101716
4101717
4101718
4101922
4102132
4102323
4102324
4102325
4102326
4102327
4102328
4102773
4102774
4103367
4103492
4103671
4103672
4103673
4103674
4103824
4104082
4104083
4104446
4105013
4105469
4105470
4105534
4105535
4105828
4105829
4106046
4106478
4106479
4106480
4106481
4106482
4106483
4106484
4106950
4106951
4107009
4107394
4107395
4107396
4107722
4108087
4108153
4108154
4108155
4108155
4108156
4108157
4108158
4108159
4108372
4108373
4108373
4108683
4108757
4108758
4109062
4109589
4109637
4109638
4109639
4110121
4110122
4110191
4110192
4110630
4110985
4111182
4111183
4111184
4111185
4111186
4111187
4111358
4111359
4111664
4111785
4111786
4111787
4111788
4111789
4111789
4111789
4111789
4111789
4112197
4112198
4112310
4112456
4112744
4112916
4112917
4112918
4112919
4112920
4112921
4113445
4113920
4113921
4113922
4113922
4114045
4114591
4114592
4114593
4114594
4114595
4114596
4114597
4114598
4114599
4114808
4115148
4115625
4115626
4115627
4116135
4116206
4116218
4116219
4116220
4116221
4116222
4116223
4116224
4116716
4116717
4116807
4116808
4116809
4116809
4116809
4116809
4116809
4116809
4117203
4117505
4117681
4117827
4117828
4117829
4117830
4117831
4117881
4118200
4118248
4118308
4118543
4118636
4119045
4119082
4119083
4119084
4119085
4119086
4119522
4119523
4119862
4120157
4120281
4120282
4120283
4120284
4120285
4120286
4120287
4120288
4121017
4121427
4121563
4121564
4121565
4121566
4121567
4121763
4121994
4122475
4122827
4122828
4122829
4122830
4122831
4122832
4123001
4123346
4123347
4123348
4124016
4124017
4124018
4124019
4124409
4124410
4124484
4125106
4125107
4125108
4125221
4125413
4125451
4125452
4125675
4126013
4126120
4126121
4126122
4126148
4126149
4126269
4126732
4127101
4127102
4127103
4127104
4127423
4127424
4127468
4127700
4127737
4127988
4128094
4128095
4128203
4128470
4128699
4128700
4128701
4128731
4128732
4129080
4129114
4129115
4129116
4129117
4129118
4129119
4129457
4129462
4129682
4129683
4129684
4129786
4130070
4130105
4130106
4130107
4130108
4130109
4130379
4130444
4130473
4130692
4131108
4131109
4131110
4131122
4131484
4131485
4131720
4131754
4132073
4132074
4132179
4132216
4132217
4132218
4132219
4132220
4132221
4132222
4132355
4132569
4132626
4132639
4133182
4133272
4133297
4133298
4133337
4133645
4133696
4133697
4133698
4133738
4133740
4133939
4133940
4134386
4134387
4134388
4134389
4134390
4134391
4134392
4134543
4134820
4134821
4135038
4135366
4135488
4135489
4135490
4135491
4135491
4135492
4135536
4135888
4135949
4136012
4136231
4136623
4136624
4136667
4136668
4136669
4136670
4136671
4136672
4136673
4136674
4137094
4137095
4137096
4137097
4137370
4137371
4137372
4137611
4137718
4137719
4137896
4137897
4137898
4137899
4137900
4137901
4137902
4138849
4138850
4138988
4138989
4138990
4138991
4138992
4138993
4138994
4138995
4138996
4139398
4139678
4139856
4139857
4140102
4140141
4140543
4140544
4141216
4141336
4141337
4141338
4141339
4141340
4142023
4142508
4142509
4142510
4142511
4142512
4142513
4143232
4143233
4143234
4143639
4143640
4143641
4143642
4143643
4143813
4144093
4144094
4144095
4144096
4144714
4144715
4144870
4144871
4144872
4144873
4144874
4144998
4145273
4145481
4146010
4146011
4146012
4146013
4146014
4146263
4146368
4146369
4146406
4146407
4146458
4146459
4146799
4147114
4147153
4147154
4147155
4147156
4147157
4147299
4147559
4147560
4147614
4147838
4148292
4148293
4148294
4148295
4148296
4148297
4148298
4148299
4148300
4148708
4148709
4149024
4149519
4149520
4149521
4149522
4149523
4149524
4149901
4149902
4149958
4150196
4150300
4150656
4150658
4150659
4150660
4150661
4150662
4150952
4151004
4151065
4151066
4151067
4151827
4151828
4151829
4152173
4152174
4152242
4152243
4152244
4152488
4152534
4152535
4152897
4153036
4153037
4153038
4153039
4153040
4153041
4153041
4153042
4153425
4153473
4153474
4153475
4153812
4154218
4154219
4154220
4154221
4154222
4154223
4154581
4154901
4154902
4155343
4155344
4155345
4155346
4155370
4156393
4156394
4156418
4156419
4156621
4157290
4157705
4158353
4158354
4158355
4158356
4158551
4158576
4158619
4158637
4158999
4159016
4159211
4159235
4159236
4159237
4159365
4159366
4159425
4159426
4159628
4159681
4159683
4159705
4159706
4159707
4159708
4159709
4159710
4159711
4159913
4160066
4160169
4160442
4160443
4160522
4160677
4160718
4160719
4160855
4161168
4161439
4161440
4161441
4161657
4161941
4162173
4162350
4162351
4162409
4162504
4162927
4162955
4162956
4162957
4162958
4162959
4163444
4163676
4163677
4163986
4164122
4164430
4164431
4164931
4164932
4164933
4164934
4165240
4165467
4165731
4165732
4165733
4165734
4165969
4165970
4166021
4166153
4166221
4166444
4166445
4166785
4166884
4166916
4166917
4166918
4167014
4167098
4167145
4167177
4167469
4167606
4167643
4167855
4167933
4167934
4167935
4167936
4168348
4168438
4168669
4168695
4168715
4168955
4169037
4169189
4169417
4169458
4169459
4169460
4169553
4169737
4169916
4170219
4170220
4170221
4170222
4170694
4170982
4170983
4170984
4171002
4171408
4171616
4171618
4171693
4171694
4171988
4172023
4172024
4172025
4172025
4172025
4172025
4172025
4172424
4172440
4172441
4172442
4172443
4172738
4172739
4172923
4173122
4173189
4173211
4173212
4173213
4173303
4173493
4173494
4173495
4173496
4173967
4173968
4174702
4174703
4174977
4174978
4175164
4175539
4175540
4175541
4175928
4175979
4175980
4175981
4176039
4176040
4176041
4176212
4176652
4176653
4176654
4177013
4177082
4177326
4177741
4177793
4177794
4178417
4178908
4178909
4178910
4178911
4178912
4178913
4179307
4179351
4179894
4179895
4180003
4180054
4180055
4180056
4180413
4180451
4180622
4181117
4181595
4181775
4182306
4182307
4182308
4182488
4182794
4183306
4183348
4183349
4183350
4183351
4183732
4183799
4184007
4184008
4184083
4184337
4184436
4184475
4184476
4184477
4184478
4184479
4184480
4184481
4184634
4184893
4184894
4185144
4185614
4185615
4186032
4186312
4186313
4186719
4186720
4186721
4186722
4186723
4186724
4186725
4187079
4187122
4187166
4187349
4187687
4187830
4187831
4187833
4188237
4188238
4188940
4189370
4189371
4189372
4189373
4189374
4189525
4189526
4189647
4189790
4189921
4189922
4190035
4190036
4190037
4190038
4190198
4190464
4190517
4190702
4190851
4191113
4191163
4191164
4191165
4191166
4191167
4191168
4191169
4191171
4191328
4191538
4191592
4191593
4191627
4191628
4191629
4192143
4192286
4192288
4192289
4192290
4192291
4192453
4192719
4192905
4192906
4193004
4193080
4193388
4193389
4193390
4193542
4193772
4193818
4193819
4193861
4194058
4194211
4194453
4194454
4194490
4194491
4194492
4194495
4194496
4194497
4195117
4195118
4195619
4195620
4195621
4195774
4195904
4196071
4196675
4196715
4196716
4196717
4196718
4196719
4196720
4197055
4197140
4197141
4197361
4197829
4197832
4197833
4197992
4198209
4198211
4198474
4198571
4198825
4198913
4198952
4198953
4198954
4198955
4199326
4199375
4199376
4200437
4200438
4200471
4200472
4200516
4200681
4201059
4201140
4201187
4201188
4201189
4201191
4201192
4201193
4201194
4201195
4201196
4202003
4202176
4202280
4202281
4202318
4202319
4202320
4202321
4202671
4202703
4202756
4202932
4202933
4203373
4203375
4203418
4203419
4203420
4203421
4203423
4203424
4203425
4203426
4203427
4203730
4203822
4204031
4204032
4204125
4204406
4204519
4204520
4204521
4204522
4204842
4204880
4205234
4205528
4205612
4205613
4205653
4205654
4205656
4205657
4205658
4205659
4205660
4205661
4206001
4206031
4206032
4206268
4206269
4206270
4206710
4206745
4206746
4206747
4207080
4207118
4207381
4207743
4207864
4207865
4207866
4207867
4207868
4208167
4209006
4209280
4209303
4209345
4209346
4210086
4210120
4210121
4210124
4210125
4210126
4210127
4210128
4210129
4210461
4210462
4210517
4211206
4211208
4211209
4211210
4211211
4211212
4211539
4211580
4211631
4211828
4211829
4211830
4212286
4212287
4212288
4212289
4212290
4212291
4212292
4212928
4213056
4213301
4213302
4213304
4213406
4213446
4213447
4213448
4213449
4213796
4213797
4214042
4214043
4214571
4214572
4214573
4214574
4214915
4214973
4215181
4215182
4215671
4215672
4215672
4215673
4215674
4215675
4215676
4216073
4216761
4216763
4216764
4217111
4217146
4217147
4217200
4217400
4217500
4217880
4217881
4217882
4217883
4217884
4217885
4217886
4217887
4218221
4218303
4218517
4218518
4218519
4218520
4219007
4219008
4219009
4219010
4219011
4219367
4219401
4219402
4219610
4219829
4220134
4220135
4220136
4220137
4220138
4220139
4220140
4220453
4220689
4220869
4221207
4221208
4221209
4221652
4221845
4222243
4222365
4222366
4222367
4222368
4222369
4222370
4222371
4222372
4222843
4222844
4222845
4222846
4222847
4222848
4222849
4223173
4223534
4223613
4223661
4223662
4223663
4223664
4223665
4223666
4224080
4224081
4224135
4224136
4224527
4224922
4224923
4224924
4224925
4224926
4224927
4225414
4225653
4226224
4226225
4226226
4226255
4226501
4226642
4226697
4226698
4226918
4227510
4227511
4227512
4227513
4227514
4227938
4227939
4227940
4227941
4227942
4227988
4227989
4227990
4228314
4228360
4228361
4228362
4228656
4228784
4228785
4228786
4228788
4228789
4228790
4228791
4229280
4229660
4229940
4230093
4230094
4230555
4230556
4231052
4231302
4231303
4231350
4231351
4231352
4231771
4231806
4231807
4232096
4232522
4232613
4232654
4232655
4232656
4232657
4233035
4233084
4233368
4233956
4233957
4233958
4233959
4233960
4233961
4233962
4234350
4234351
4234352
4234352
4234353
4234406
4235173
4235220
4235221
4235222
4235223
4235224
4235225
4235604
4235624
4235642
4235643
4235698
4236082
4236376
4236382
4236463
4236464
4236505
4236506
4236507
4236936
4236937
4237194
4237331
4237383
4237859
4237860
4237861
4237862
4237863
4237864
4237865
4237866
4237867
4237868
4237869
4238245
4238246
4238314
4238872
4239030
4239031
4239032
4239033
4239034
4239499
4239552
4239553
4239554
4239976
4240403
4240404
4240406
4240841
4240896
4241671
4241723
4241724
4241725
4241726
4242146
4242420
4242695
4242871
4242872
4243017
4243018
4243019
4243020
4243021
4243022
4243431
4243508
4243509
4243510
4243730
4244188
4244189
4244304
4244350
4244351
4244352
4244353
4244354
4244355
4244373
4244518
4244704
4244705
4244749
4244804
4245008
4245475
4245569
4245570
4245615
4245616
4245617
4245618
4245619
4245620
4245957
4246041
4246042
4246092
4246323
4246849
4246884
4246885
4246886
4246887
4246888
4246890
4246891
4247383
4247384
4247603
4248048
4248208
4248209
4248210
4248211
4248567
4248642
4248690
4248691
4248940
4249470
4249471
4249510
4249511
4249512
4249513
4249514
4249515
4249516
4249517
4249518
4249519
4249956
4249957
4249958
4250013
4250014
4250229
4250230
4250711
4250870
4250884
4251283
4251284
4251285
4251286
4251287
4251288
4251289
4251290
4251344
4251345
4251599
4251600
4251678
4252102
4252106
4252107
4252108
4252572
4252632
4252867
4253306
4253308
4253405
4253407
4253444
4253445
4253879
4253880
4253881
4253936
4253937
4254189
4254715
4254759
4254760
4255084
4255210
4255247
4255497
4255932
4256086
4256087
4256088
4256089
4256090
4256091
4256474
4256512
4256543
4257335
4257338
4257394
4257395
4257396
4257397
4257398
4257399
4257400
4257401
4257402
4257403
4257781
4257820
4257821
4257822
4257868
4258696
4258697
4258698
4258699
4258700
4258701
4258702
4259121
4259167
4259413
4259910
4259941
4259945
4260218
4260426
4260427
4260428
4260470
4260471
4261175
4261268
4261328
4261329
4261330
4261331
4261332
4261333
4261334
4261335
4261336
4261337
4262060
4262061
4262062
4262160
4262482
4262483
4262608
4262610
4262653
4262654
4262655
4262656
4262657
4262658
4262659
4263122
4263123
4263375
4263891
4263892
4263893
4263894
4263895
4264374
4264427
4264428
4264429
4264684
4264685
4265218
4265219
4265220
4265221
4265222
4265223
4265223
4265224
4266087
4266529
4266530
4266983
4267397
4267820
4267821
4267822
4267823
4267824
4267825
4268708
4268710
4269166
4269167
4269169
4269170
4269171
4269172
4269691
4270017
4270358
4270467
4270468
4270469
4270515
4270516
4270517
4270518
4270519
4270520
4270521
4270522
4270523
4271327
4271817
4271818
4271819
4271820
4271821
4271822
4271823
4271824
4271825
4272267
4272355
4272640
4272960
4273097
4273098
4273099
4273100
4273101
4273102
4273103
4273104
4273105
4273106
4273107
4273183
4273949
4274009
4274010
4274341
4274343
4274393
4274394
4274395
4274396
4274838
4275124
4275125
4275667
4275708
4275709
4275710
4275711
4275949
4276354
4276355
4276439
4276440
4276747
4276833
4276871
4276872
4277131
4278069
4278070
4278071
4278072
4278073
4278074
4278075
4278446
4278472
4278473
4278828
4278829
4278830
4278893
4278895
4279124
4279204
4279207
4279239
4279240
4279241
4279242
4279243
4279969
4279970
4280060
4280326
4280327
4280415
4280416
4280476
4280477
4280478
4280479
4280480
4280481
4280482
4280483
4280852
4280891
4280892
4281207
4281514
4281604
4281636
4281637
4281638
4281639
4281640
4281641
4281642
4281643
4282009
4282393
4282855
4282856
4282857
4282858
4282859
4282860
4282861
4283266
4283267
4283465
4283587
4283588
4283589
4283590
4283912
4283913
4284058
4284059
4284060
4284061
4284062
4284063
4284064
4284065
4284066
4284067
4284068
4284069
4284070
4284071
4284689
4284838
4285200
4285281
4285329
4285330
4285331
4285332
4285333
4285334
4285566
4285635
4285666
4286026
4286574
4286575
4286576
4286577
4286578
4286579
4286580
4286581
4286582
4287381
4287382
4287875
4287876
4287877
4287878
4287879
4287880
4287881
4287882
4288703
4289078
4289111
4289112
4289113
4289114
4289115
4289116
4289117
4289118
4289119
4289919
4289969
4290265
4290410
4290411
4290412
4290413
4290414
4290415
4290416
4290417
4290418
4290779
4291190
4291234
4291632
4291633
4291634
4291635
4291671
4291672
4291673
4291674
4291675
4291676
4291677
4291678
4291679
4291680
4291681
4291682
4291683
4292163
4292377
4292378
4292460
4292539
4292954
4292955
4292956
4292957
4292958
4293400
4293730
4293731
4294075
4294076
4294227
4294228
4294229
4294230
4294231
4294684
4294891
4294892
4295001
4295461
4295462
4295953
4296183
4296269
4296728
4296729
4296730
4296731
4296732
4296733
4296734
4296735
4296736
4296737
4296738
4296739
4296740
4296741
4297199
4297200
4297418
4297520
4297846
4297987
4297988
4297989
4297990
4298449
4298450
4298451
4298452
4298453
4299198
4299199
4299200
4299201
4299202
4299203
4299204
4299683
4300459
4300529
4300530
4300531
4300532
4300533
4300534
4300535
4300536
4300537
4300538
4300915
4300994
4300995
4301217
4301320
4301321
4301322
4301747
4301749
4301785
4301786
4301787
4301788
4302683
4302941
4303021
4303056
4303057
4303058
4303059
4303060
4303414
4303494
4303495
4303496
4303742
4303833
4303834
4304217
4304218
4304219
4304220
4304221
4304222
4304573
4304574
4304654
4304655
4304822
4304954
4305378
4305379
4305380
4305381
4305382
4305383
4305384
4305998
4306107
4306415
4306539
4306540
4306541
4306542
4306543
4306958
4306959
4307570
4307705
4307706
4307707
4307708
4307709
4307710
4307711
4308722
4308805
4308806
4308808
4308855
4308856
4308857
4309195
4309268
4309980
4309981
4309982
4309983
4309984
4309985
4309986
4309987
4310283
4310332
4310603
4310604
4311009
4311010
4311102
4311130
4311131
4311577
4311868
4311869
4311917
4312278
4312322
4312323
4312324
4312325
4312326
4312327
4312328
4312329
4312636
4312638
4312739
4312926
4312927
4313021
4313022
4313023
4313303
4313418
4313419
4313420
4313421
4313422
4313423
4313424
4313425
4313426
4313427
4313428
4313429
4313815
4314159
4314543
4314544
4314545
4314546
4314547
4314548
4314825
4314897
4314898
4315095
4315096
4315401
4315468
4315495
4315496
4315497
4315498
4315499
4315500
4315756
4316047
4316048
4316095
4316447
4316448
4316449
4316450
4316451
4316791
4316792
4316943
4317442
4317443
4317710
4317862
4317863
4317864
4317865
4317866
4318392
4318393
4318711
4318796
4318797
4319068
4319558
4319559
4319887
4319981
4320178
4320179
4320180
4320245
4320246
4320247
4320248
4320249
4320250
4320303
4320708
4320742
4320743
4321126
4321311
4321312
4321415
4321416
4321417
4321418
4321419
4321475
4321907
4321908
4321909
4321910
4321911
4322282
4322283
4322481
4322570
4323051
4323052
4323053
4323365
4323367
4323445
4323446
4323718
4324101
4324223
4324224
4324225
4324226
4324227
4324228
4324229
4324230
4324231
4324527
4324636
4324637
4324638
4324639
4324640
4324641
4324642
4324643
4324843
4324945
4324946
4324984
4325310
4325356
4325357
4325358
4325359
4325799
4325800
4326012
4326380
4326497
4326498
4326499
4326500
4326501
4326502
4326503
4326856
4326944
4327704
4327705
4327706
4327707
4328006
4328008
4328087
4328088
4328286
4328388
4328389
4328427
4328672
4328787
4328788
4328789
4328790
4328791
4329402
4329533
4329534
4329592
4329930
4329977
4329978
4330387
4330388
4330389
4330390
4330391
4330392
4330679
4330713
4331127
4331128
4331449
4331528
4331529
4331530
4331741
4331828
4331829
4331880
4332237
4332238
4332239
4332240
4332665
4332666
4332667
4332668
4332972
4332973
4333017
4333443
4333444
4333445
4333446
4333703
4333741
4333814
4333991
4333992
4334119
4334520
4334521
4334522
4334523
4334892
4334976
4335265
4335577
4335660
4335663
4335705
4335706
4335707
4335708
4336033
4336124
4336125
4336126
4336127
4336412
4336791
4336792
4337066
4337141
4337142
4337621
4337753
4337754
4337755
4337756
4337757
4337758
4338181
4338182
4338183
4338479
4338480
4338481
4338867
4338868
4338916
4338917
4338918
4338919
4338920
4339328
4339625
4339626
4339665
4339929
4339999
4340029
4340030
4340031
4340032
4340033
4340034
4340035
4340462
4340821
4341076
4341166
4341199
4341200
4341201
4341202
4341203
4341529
4341617
4341619
4341846
4341847
4341916
4341917
4342196
4342268
4342306
4342637
4342639
4342815
4342878
4343246
4343293
4343294
4343295
4343296
4343297
4343626
4343867
4343868
4343961
4343962
4344371
4344412
4344413
4344414
4344415
4344416
4344417
4344834
4344835
4344836
4344837
4345007
4345008
4345106
4345160
4345580
4345581
4345582
4345583
4345584
4345585
4345586
4345987
4345988
4345989
4346149
4346304
4346559
4346659
4346660
4346692
4346693
4346694
4346695
4347115
4347116
4347118
4347833
4347834
4347835
4348269
4348464
4348544
4348545
4349010
4349011
4349012
4349353
4349612
4349690
4350100
4350101
4350142
4350143
4350144
4350145
4350581
4350835
4350836
4350894
4350895
4350896
4350897
4350898
4350899
4351160
4351251
4351318
4351319
4351320
4351715
4352271
4352349
4352674
4352862
4352863
4352864
4352947
4353351
4353352
4353353
4353354
4353355
4353356
4353712
4353790
4354438
4354439
4354482
4354483
4354918
4354919
4354919
4354921
4355194
4355195
4355627
4355628
4355629
4355955
4355957
4356003
4356076
4356077
4356078
4356340
4356777
4356778
4356810
4356811
4356812
4356813
4356814
4357129
4357228
4357230
4357485
4357541
4357800
4357801
4357882
4357931
4357932
4358358
4358686
4358928
4359005
4359040
4359041
4359042
4359310
4359869
4360003
4360004
4360005
4360360
4360700
4360701
4360702
4361099
4361133
4361134
4361135
4361630
4361716
4361717
4362469
4362787
4362788
4362789
4362894
4362895
4363214
4363926
4363927
4364231
4364238
4364372
4364373
4364374
4364707
4364708
4364816
4364817
4365005
4365006
4365007
4365105
4365106
4365165
4365614
4365615
4365616
4365617
4365618
4365619
4366042
4366044
4366045
4366210
4366333
4366334
4366335
4366336
4366337
4366385
4366386
4366805
4366806
4366807
4367364
4367365
4367366
4367367
4367368
4367369
4367626
4367725
4367726
4368622
4368723
4368724
4368725
4369105
4369106
4369233
4369234
4369764
4369765
4370391
4370508
4370509
4370857
4370859
4370973
4371737
4371738
4371739
4372225
4372290
4372291
4372753
4372754
4372755
4372837
4373013
4373511
4373512
4373513
4373514
4374014
4374015
4374016
4374022
4374183
4374184
4374498
4374649
4374724
4374905
4375006
4375034
4375152
4375215
4375401
4375804
4375805
4375806
4375807
4375981
4376031
4376032
4376033
4376227
4376371
4376434
4376435
4376692
4376871
4377070
4377115
4377116
4377118
4377153
4377155
4377372
4377463
4377464
4377465
4377622
4377721
4377722
4378005
4378231
4378459
4378744
4378783
4378784
4378785
4378786
4378787
4378788
4378789
4379044
4379201
4379235
4379448
4379612
4379743
4379813
4379942
4379943
4379971
4380155
4380228
4380574
4380575
4380575
4380902
4380992
4380993
4380994
4380995
4381762
4381763
4381985
4381986
4381987
4382115
4382153
4382189
4382190
4382414
4382433
4382434
4382435
4382436
4382849
4383007
4383008
4383009
4383128
4383129
4383417
4383519
4383520
4383910
4383911
4384162
4384163
4384567
4384568
4384946
4385098
4385197
4385198
4385199
4385623
4385624
4385979
4385980
4385982
4386139
4386941
4387014
4387264
4387573
4387701
4387702
4387703
4388170
4388171
4388172
4388173
4388480
4388481
4388482
4388806
4388915
4388916
4389465
4389466
4389532
4389533
4389949
4390007
4390008
4390009
4390409
4390601
4390602
4390742
4391099
4391205
4391207
4391267
4391268
4391611
4391698
4392005
4392006
4392007
4392008
4392009
4392010
4392358
4392480
4392481
4392482
4392483
4392939
4392941
4393122
4393266
4393858
4393859
4393860
4393861
4394246
4394247
4394528
4394813
4394858
4394859
4395467
4395468
4395581
4395582
4395955
4395956
4395957
4396003
4396004
4396005
4396006
4396007
4396008
4396479
4396487
4396488
4396489
4396686
4396792
4396842
4397149
4397151
4397293
4397299
4397300
4397301
4397302
4397303
4397304
4397655
4397730
4397731
4397916
4397917
4398052
4398053
4398054
4398055
4398095
4398390
4398470
4398471
4398475
4398476
4398528
4398529
4398923
4399199
4399755
4399806
4399807
4400260
4400261
4400262
4400445
4400446
4400447
4400576
4400945
4401102
4401103
4401104
4401105
4401548
4401549
4401552
4401838
4401839
4402304
4402305
4402821
4402822
4403017
4403599
4403600
4403601
4404082
4404083
4404084
4404085
4404265
4404266
4404420
4404421
4404956
4404957
4404958
4404959
4404960
4404961
4405436
4405437
4406277
4406278
4406912
4407125
4407126
4407128
4407266
4407267
4407268
4407269
4407319
4407901
4407902
4407903
4407903
4407904
4407904
4407905
4407906
4407907
4408458
4408594
4408595
4409088
4409300
4409421
4409422
4409423
4409536
4409908
4409958
4409959
4409960
4409961
4409962
4409963
4409964
4410335
4410413
4410414
4410415
4410605
4410606
4410756
4410757
4410805
4411254
4411255
4411489
4411764
4411765
4411765
4411766
4411966
4411967
4412090
4412527
4412528
4412907
4412908
4412909
4413039
4413040
4413156
4413475
4413613
4413614
4413615
4413616
4413617
4413618
4414093
4414290
4414291
4414292
4414293
4414476
4414811
4414904
4414957
4414959
4414960
4415428
4415429
4415430
4415431
4415432
4415433
4415635
4415758
4415759
4415812
4415813
4416115
4416254
4416255
4416256
4416257
4416258
4416259
4416260
4416261
4416262
4416263
4416264
4416952
4416953
4416954
4416955
4417091
4417528
4417565
4417852
4417971
4418237
4418286
4418683
4418684
4419213
4419214
4419214
4419215
4419216
4419529
4419530
4419531
4419532
4419586
4419942
4419980
4419981
4419982
4419983
4420543
4420649
4420691
4420937
4420938
4421036
4421037
4421096
4421097
4421098
4421099
4421100
4421101
4421102
4421628
4421629
4421630
4421631
4421828
4421942
4422433
4422442
4422443
4422444
4422445
4422824
4422921
4423120
4423121
4423332
4423598
4423687
4423717
4423718
4424107
4424108
4424109
4424110
4424451
4424754
4424799
4424800
4424801
4424802
4424803
4425138
4425218
4425219
4425855
4425902
4425903
4425904
4425905
4425906
4426545
4426585
4426848
4426852
4426994
4426995
4426996
4426997
4426998
4427525
4427526
4427528
4427837
4427838
4427839
4427840
4427896
4428199
4428357
4428358
4428359
4428360
4428361
4428362
4428817
4428819
4428820
4429177
4429534
4429544
4429641
4429642
4429643
4429644
4429682
4429683
4430192
4430193
4430194
4430195
4430389
4430390
4430518
4430949
4431374
4431508
4431509
4431510
4431713
4431714
4431857
4432289
4432340
4432341
4432342
4432343
4432344
4432345
4432860
4433034
4433198
4433199
4433200
4433201
4433247
4433543
4433630
4433671
4433672
4433673
4434042
4434317
4434722
4434724
4434785
4434786
4435124
4435268
4435269
4435270
4435609
4435645
4435646
4436082
4436083
4436084
4436610
4436792
4436793
4437415
4437417
4437418
4437454
4437455
4437971
4437972
4437973
4438340
4438704
4438757
4438758
4438759
4439209
4439303
4439304
4439305
4439306
4439499
4439986
4440147
4440148
4440149
4440150
4440151
4440151
4440152
4440153
4440154
4440155
4440545
4440621
4440834
4441434
4441436
4441483
4441982
4441983
4441984
4441985
4442182
4442309
4442826
4442827
4443320
4443521
4443650
4443651
4443652
4444125
4444126
4444175
4444176
4444850
4444851
4444991
4445442
4445497
4445498
4446000
4446209
4446375
4446378
4446699
4446849
4446850
4446851
4446852
4446853
4447309
4447504
4447505
4447737
4448021
4448038
4448133
4448186
4448587
4448664
4448665
4448666
4448667
4448668
4448855
4448856
4449052
4449512
4449513
4449514
4449515
4449516
4449517
4450065
4450210
4450211
4450315
4450361
4450363
4450829
4451350
4451690
4451837
4452044
4452045
4452046
4452151
4452152
4452153
4452154
4452226
4452227
4452228
4452229
4452230
4452231
4452232
4452233
4452687
4452688
4452689
4452867
4453029
4453381
4453382
4453533
4453534
4453948
4454016
4454017
4454206
4454370
4454371
4454726
4454827
4454861
4454862
4454863
4454864
4455153
4455214
4455216
4455490
4455832
4455997
4455998
4456524
4456781
4456782
4457295
4457296
4457297
4457825
4457985
4457986
4458491
4458667
4458668
4458669
4458670
4458671
4458672
4459132
4459133
4459200
4459339
4459340
4459341
4459922
4459969
4459970
4459971
4459972
4459973
4459974
4459975
4460659
4461275
4461276
4461277
4461278
4461628
4461693
4461695
4461782
4461811
4461812
4461813
4461921
4461956
4462212
4462317
4462318
4462388
4462389
4462390
4462391
4463062
4463063
4463064
4463065
4463065
4463066
4463067
4463214
4463215
4463690
4463748
4464182
4464244
4464245
4464246
4464443
4464578
4464907
4465055
4465056
4465057
4465058
4465059
4465060
4465583
4466422
4466423
4466881
4467017
4467018
4467730
4467731
4467785
4467786
4467787
4468313
4468314
4469033
4469086
4469087
4469088
4469487
4469583
4469714
4469759
4469955
4470267
4470268
4470402
4470403
4470404
4470405
4471154
4471616
4471757
4471758
4471759
4471760
4471761
4471762
4471763
4472171
4473012
4473062
4473063
4473064
4473065
4473119
4473378
4473459
4473460
4473621
4474027
4474118
4474120
4474167
4474168
4474169
4474170
4474171
4474172
4474861
4475466
4475467
4475534
4475535
4475536
4475537
4476008
4476195
4476196
4476197
4476198
4476345
4476789
4476852
4476853
4476854
4476855
4477144
4477330
4477331
4477538
4477539
4477540
4477687
4478208
4478209
4478210
4478605
4478607
4478916
4478917
4479026
4479027
4479350
4479440
4479484
4479485
4479486
4479487
4479808
4480016
4480631
4480632
4480633
4480634
4481014
4481079
4481099
4481265
4481377
4481773
4481890
4481935
4482357
4482777
4482778
4482779
4483257
4483310
4483318
4483319
4483320
4483321
4483322
4483323
4483324
4483690
4483691
4484564
4484565
4484566
4484567
4485002
4485007
4485153
4485263
4485264
4485626
4485801
4485802
4485803
4486292
4486668
4487195
4487611
4487681
4487683
4487816
4487817
4487988
4488538
4488539
4489140
4489141
4489560
4489664
4489708
4490236
4490441
4490442
4490443
4490444
4490572
4490622
4490979
4490980
4491124
4491510
4491511
4491623
4491680
4491681
4491682
4491738
4491739
4492082
4492218
4492423
4492622
4492740
4492809
4492810
4492811
4492812
4493312
4493760
4493761
4493762
4493877
4493878
4493879
4493939
4493940
4493941
4494006
4494007
4494008
4494525
4494526
4494527
4494528
4495054
4495055
4495056
4495057
4495058
4495255
4495374
4495422
4495872
4495935
4495936
4495937
4495938
4496636
4496786
4496787
4496845
4496846
4496847
4497176
4497310
4497973
4498016
4498299
4498453
4498454
4498455
4498456
4498457
4498458
4498459
4499330
4499831
4499891
4499892
4499893
4500413
4500611
4500740
4500741
4500742
4500743
4500743
4501261
4501650
4502284
4502396
4502465
4502466
4502939
4502940
4502941
4503131
4503838
4503839
4505208
4505210
4505254
4505255
4505256
4505257
4505258
4505259
4505260
4505261
4505262
4505263
4505718
4505807
4505808
4505991
4506607
4507194
4507366
4507518
4507519
4507924
4507935
4507936
4508038
4508100
4508101
4508103
4508541
4508792
4508930
4508931
4508971
4508972
4509336
4509433
4509499
4509500
4509501
4509502
4510036
4510037
4510038
4510039
4510039
4510210
4510211
4510212
4510213
4510343
4510919
4510920
4510921
4510922
4511453
4511454
4511635
4511754
4511755
4511806
4512154
4512155
4512156
4512331
4512332
4512333
4512334
4512335
4512776
4513064
4513065
4513166
4513167
4513583
4513730
4513731
4513732
4513733
4514190
4514278
4514473
4514474
4514578
4514579
4514580
4514581
4514582
4514583
4515088
4515090
4515147
4515148
4515148
4515149
4515150
4515677
4515678
4515870
4516509
4516510
4516564
4517257
4517258
4517259
4517402
4517466
4517904
4517905
4517956
4517957
4517958
4517959
4517960
4518477
4518478
4518479
4518662
4518663
4518814
4519319
4519378
4519379
4519380
4519381
4519382
4519383
4519809
4519894
4520079
4520080
4520081
4520792
4520793
4520794
4520795
4521290
4521291
4521292
4521496
4521639
4522192
4522699
4522893
4522894
4523050
4523574
4523575
4523576
4523577
4524112
4524113
4524236
4524756
4524757
4524758
4525123
4525592
4525593
4525632
4526110
4526160
4526161
4526587
4526842
4526843
4526844
4527005
4527006
4527071
4527543
4527544
4527545
4527546
4527547
4527617
4528064
4528248
4528249
4528250
4528251
4528416
4528417
4528975
4528976
4528977
4529496
4529497
4529669
4529670
4529671
4529671
4529828
4529829
4529830
4529831
4530210
4530347
4530751
4530885
4530886
4531014
4531463
4531509
4531510
4531948
4532191
4532370
4532371
4532372
4532871
4532915
4532916
4533296
4533459
4533462
4533606
4533782
4534173
4534300
4534301
4534334
4534335
4534336
4534846
4534847
4534848
4535194
4535251
4535705
4535706
4535753
4535754
4535755
4536192
4536274
4536276
4536277
4536278
4536606
4536607
4537178
4537179
4537674
4537838
4537839
4538528
4538590
4538885
4539093
4539094
4539097
4539266
4539430
4539916
4539974
4540638
4540639
4540842
4540843
4541243
4541345
4541411
4541412
4541413
4541414
4541415
4541912
4541913
4541914
4541914
4541914
4541914
4541915
4542078
4542254
4542255
4542256
4542257
4542257
4542624
4542702
4542736
4543041
4543301
4543302
4543440
4543441
4543442
4543443
4543943
4543944
4543945
4544475
4544476
4544477
4544477
4544796
4544797
4544798
4545305
4545363
4545364
4545365
4545728
4545889
4545890
4546755
4546756
4546757
4547281
4547436
4547620
4547621
4548137
4548194
4548195
4548699
4548701
4548702
4548873
4548874
4548875
4548876
4549032
4549953
4550258
4550668
4550711
4551222
4551398
4551574
4551630
4551977
4552124
4552125
4552641
4553036
4553401
4553486
4553528
4553529
4553530
4554221
4554222
4554223
4554224
4554224
4554875
4554907
4555324
4555451
4555452
4555584
4555585
4556047
4556048
4556800
4557250
4557251
4557252
4557982
4558567
4559881
4559923
4559924
4559925
4560625
4561422
4561423
4561424
4561963
4561965
4562122
4562123
4562827
4563193
4563195
4563196
4563263
4564001
4564002
4564436
4564566
4564719
4565135
4565137
4565184
4565185
4565186
4565621
4565622
4565622
4565622
4565622
4565748
4565928
4566429
4566430
4566431
4566432
4566433
4566434
4566879
4566963
4566964
4567116
4567315
4567877
4567878
4568445
4568790
4568791
4569206
4569329
4569330
4569679
4569748
4569749
4569749
4569889
4570029
4571155
4571248
4571293
4571445
4571446
4571447
4571946
4571947
4571951
4572081
4572158
4572159
4572160
4572875
4572961
4573416
4574001
4574111
4574159
4574160
4574777
4574778
4575575
4575576
4575638
4576005
4576101
4576706
4576707
4576876
4576877
4577050
4577051
4577564
4577617
4577618
4577619
4578175
4578322
4578323
4578525
4578526
4579066
4579104
4579105
4579106
4579643
4579787
4579788
4580000
4580570
4581301
4581302
4581475
4581896
4582047
4582589
4582764
4582765
4582951
4582952
4583467
4583468
4583469
4583518
4583519
4583520
4584086
4584087
4584425
4584426
4584427
4584485
4584948
4585542
4585707
4585708
4585709
4585710
4585949
4586344
4586486
4586487
4586488
4587003
4587004
4587005
4587375
4587950
4587951
4588658
4588659
4588660
4589352
4589353
4589354
4589399
4589972
4590133
4590134
4590326
4590919
4590920
4591537
4591538
4591653
4592287
4592289
4592290
4592336
4592825
4592967
4593150
4593151
4593677
4594139
4594296
4594469
4594470
4594994
4595487
4595641
4595642
4595788
4595789
4595790
4595790
4596236
4596237
4596237
4596649
4596747
4596748
4596749
4596750
4597376
4597377
4597770
4597850
4597851
4598027
4598163
4598549
4598649
4598694
4598695
4599159
4599281
4599481
4599953
4599993
4599994
4600800
4601280
4601281
4601810
4601811
4602119
4602612
4602613
4602614
4602615
4602616
4602990
4602991
4603684
4603685
4604182
4604329
4604330
4604331
4604493
4604956
4604989
4604990
4605485
4605486
4605600
4605601
4605812
4606282
4606326
4607131
4607615
4608057
4608450
4608451
4608963
4609454
4609566
4609594
4609769
4609770
4609771
4609826
4610207
4610239
4610696
4610775
4610776
4610937
4611089
4611090
4611124
4611574
4611575
4611576
4612260
4612261
4612407
4612408
4612409
4612410
4612558
4612864
4612912
4612913
4613343
4613761
4613762
4614691
4614834
4615327
4615328
4615712
4615953
4615954
4616486
4616571
4617026
4617104
4617105
4617106
4617241
4617419
4617420
4617910
4618542
4619242
4619243
4619584
4620057
4620492
4621032
4621582
4621611
4621612
4621613
4621614
4621615
4622274
4622275
4622275
4622431
4622948
4622949
4622950
4623595
4623750
4624241
4625069
4625070
4625660
4625708
4625709
4625710
4626341
4626480
4626481
4626612
4627364
4627417
4627912
4628009
4628141
4628142
4628143
4628691
4628830
4628836
4628903
4628904
4628905
4629536
4629553
4629663
4629819
4629820
4629820
4630554
4630594
4631237
4631238
4631350
4631351
4632041
4632090
4632091
4633029
4633030
4633031
4633032
4633033
4633853
4635569
4635572
4636299
4636576
4636577
4636578
4637373
4637374
4637375
4637822
4638107
4638108
4638109
4638110
4639309
4639400
4639542
4640200
4640202
4640203
4640872
4640873
4640874
4640875
4641038
4641497
4642271
4642272
4642273
4642411
4642412
4642413
4642986
4642987
4643167
4643953
4643954
4643955
4643956
4644090
4644749
4644932
4644933
4644934
4645865
4646522
4646636
4646660
4646717
4647515
4647710
4648328
4648329
4648964
4649089
4649090
4649226
4649283
4649898
4649899
4649900
4649901
4649902
4650402
4650726
4650727
4650920
4651016
4651653
4652501
4652502
4652692
4653469
4653470
4653471
4654466
4654467
4655145
4655194
4655195
4655792
4656361
4656954
4656995
4657825
4657826
4657827
4657828
4658085
4658086
4658596
4658804
4658805
4659455
4659558
4659633
4659634
4659866
4659939
4660543
4660544
4661236
4661421
4661422
4661648
4661649
4662353
4662894
4663027
4663248
4663249
4663250
4663493
4663494
4664786
4664787
4664985
4664986
4664987
4665276
4665277
4665704
4665841
4665894
4666588
4666797
4667057
4667058
4667059
4667609
4667652
4668379
4668839
4668840
4670022
4670356
4670357
4670358
4670359
4670360
4670621
4670761
4671251
4671252
4672147
4672148
4672947
4672948
4672949
4673483
4673623
4673769
4673821
4674475
4674476
4674477
4675101
4675465
4675466
4675467
4675468
4676067
4676174
4676224
4676225
4676226
4677038
4677039
4677247
4677248
4677249
4677965
4678722
4678723
4678922
4679267
4679268
4680034
4680239
4680421
4680610
4681045
4681087
4681088
4681511
4681981
4681982
4681983
4682581
4682985
4683176
4683347
4683871
4684580
4684760
4684816
4685444
4686156
4686157
4686158
4686320
4686321
4686322
4686835
4686959
4686960
4687568
4687569
4687713
4687714
4687879
4687880
4688067
4688493
4688494
4689138
4689279
4689437
4690127
4691074
4691075
4691076
4691521
4691691
4692237
4692238
4692389
4692390
4692556
4692557
4692558
4692630
4693944
4693945
4694114
4694115
4694116
4694116
4694755
4695372
4695517
4695673
4695735
4696283
4696284
4696677
4696733
4696734
4696869
4696870
4696871
4697040
4697041
4697432
4697531
4698148
4698454
4699069
4699850
4699851
4699852
4700012
4700080
4700636
4700637
4700689
4701571
4702226
4702819
4702970
4702971
4702972
4703130
4703188
4703628
4703748
4704134
4704137
4704339
4705534
4705910
4705911
4705912
4706470
4706648
4706649
4706650
4707162
4707163
4707247
4707559
4707560
4707616
4707989
4708066
4708067
4708123
4708915
4708916
4709118
4709687
4709688
4710201
4710435
4710436
4710587
4710588
4710785
4711827
4711828
4711971
4712379
4712490
4713302
4713491
4713492
4714542
4714543
4714543
4714543
4714660
4714661
4714796
4715298
4715299
4715357
4716086
4716257
4716881
4717226
4717789
4718235
4718356
4718357
4718361
4718402
4718403
4718946
4719155
4719156
4719758
4719901
4719902
4719903
4720977
4721513
4721534
4721559
4721659
4722196
4722285
4722324
4722782
4722872
4723493
4723534
4723825
4724009
4724010
4724775
4724776
4724777
4724825
4725349
4726300
4726848
4726849
4726850
4727855
4728369
4728417
4728583
4728584
4729929
4729930
4729931
4730118
4730563
4730601
4732620
4732821
4735155
4735156
4735661
4735705
4735870
4735871
4736589
4737195
4737196
4737265
4737266
4737266
4737266
4737266
4737266
4737420
4738205
4738246
4738728
4738902
4738903
4738904
4739619
4739714
4739747
4740293
4740294
4741821
4741977
4742812
4743515
4743516
4743516
4743517
4743518
4744223
4744311
4744312
4744313
4744348
4744834
4745037
4745755
4745905
4746369
4746370
4746371
4747937
4748090
4748091
4748338
4748917
4749382
4749631
4750435
4750436
4750472
4750942
4750990
4750991
4750991
4750991
4750991
4751061
4751150
4751151
4751152
4752302
4753179
4753682
4753683
4753856
4755230
4755375
4755438
4756257
4756299
4756300
4756721
4756978
4756979
4756980
4757210
4757770
4757802
4758330
4758480
4759802
4759996
4761347
4761348
4762073
4762115
4763478
4763582
4763584
4763640
4764183
4764682
4765308
4765844
4766042
4766043
4766729
4766823
4766824
4766883
4766884
4767679
4767938
4768344
4768447
4769044
4769085
4769295
4769296
4769297
4769681
4770108
4770109
4770161
4770715
4770954
4771320
4771708
4771762
4771763
4772334
4772378
4773916
4773917
4773918
4773941
4773942
4773943
4773944
4774151
4774152
4774153
4774895
4774931
4775424
4776168
4776285
4776892
4776893
4776894
4776895
4777888
4777933
4777934
4777935
4778584
4778735
4779005
4779609
4781172
4781173
4781764
4781765
4781766
4781994
4781995
4782375
4782767
4782768
4782772
4782815
4783380
4784699
4784700
4784701
4784923
4784924
4785631
4785632
4785747
4786290
4786566
4786567
4787319
4787320
4787322
4787366
4788109
4788110
4789407
4790292
4790882
4791032
4791033
4791034
4791909
4792501
4792699
4793268
4793915
4794053
4794054
4794871
4794908
4795499
4795500
4795682
4795683
4798055
4798667
4799967
4800137
4800138
4800823
4800867
4801810
4802340
4802423
4802893
4803133
4803971
4804590
4804591
4805593
4806130
4807590
4807591
4808241
4808490
4808491
4808492
4809674
4810263
4810593
4810594
4810595
4810596
4812372
4813178
4813359
4814239
4815441
4815442
4815443
4816081
4816140
4816351
4816352
4817538
4818336
4818373
4818374
4818374
4818374
4818374
4818636
4818637
4818638
4818639
4819570
4820404
4820593
4820594
4821653
4821704
4822697
4822698
4823710
4823711
4823770
4823771
4824487
4824488
4824557
4824737
4824738
4824739
4824740
4824741
4826739
4826740
4826741
4827853
4827904
4828627
4828938
4828939
4828940
4829912
4830037
4830676
4830677
4831939
4831942
4831943
4831944
4832000
4832001
4832570
4832754
4832830
4833044
4834001
4834002
4834065
4834066
4834777
4834804
4835071
4835072
4835073
4836115
4836860
4836861
4838183
4838897
4838949
4838950
4838951
4839029
4839245
4839246
4840131
4841730
4841945
4842718
4842961
4842962
4843450
4844991
4846082
4846150
4846895
4846962
4846963
4847171
4847172
4847668
4848086
4848249
4848318
4848319
4848982
4849027
4849028
4849307
4850288
4850289
4850290
4850336
4850337
4850338
4851302
4851303
4852503
4852546
4852996
4853042
4853110
4853300
4854973
4854974
4855036
4855191
4855192
4855193
4856280
4856493
4857114
4857418
4857419
4857752
4857975
4858536
4858593
4859544
4860670
4860729
4861386
4863812
4865625
4865924
4865925
4866938
4867132
4867133
4867800
4868072
4869065
4869181
4869233
4869728
4869754
4869809
4870910
4870911
4870948
4871626
4871922
4872924
4872970
4873154
4873155
4873825
4874396
4874505
4874677
4875465
4875466
4875942
4875943
4876161
4876162
4876853
4876970
4877459
4877692
4877693
4878440
4878807
4879020
4879188
4879957
4880527
4880709
4880710
4881472
4881474
4881520
4881978
4882239
4882240
4883723
4885216
4886000
4886553
4886554
4887588
4888060
4888061
4888062
4888107
4888253
4889058
4889059
4889539
4889564
4890561
4890562
4890598
4891073
4891074
4891131
4891278
4891279
4892591
4892592
4892593
4892594
4893610
4893611
4894293
4894294
4894295
4894296
4894553
4894992
4895082
4895083
4895084
4895773
4895774
4896506
4896613
4897089
4897122
4898104
4898105
4898106
4898151
4898152
4898791
4898792
4899727
4900226
4900367
4900368
4900369
4900428
4901536
4901651
4901653
4902585
4902586
4904546
4904547
4905472
4905613
4905664
4905665
4906534
4908280
4909163
4909855
4909856
4909927
4910098
4910099
4910100
4910962
4911143
4911144
4911227
4911992
4913064
4913065
4913068
4913128
4913129
4913743
4913981
4913982
4915037
4915038
4915092
4915742
4915743
4915744
4917024
4917026
4917078
4917790
4917970
4917971
4920014
4920016
4921764
4922217
4922719
4922725
4922840
4923523
4923766
4923767
4924784
4925743
4925744
4926060
4926228
4926229
4927716
4927717
4928664
4928665
4929516
4930315
4930491
4930492
4931170
4932335
4933019
4933020
4933021
4933241
4934281
4934282
4934284
4934285
4934323
4934337
4935066
4935638
4936230
4936289
4936868
4936923
4937151
4937650
4938155
4940005
4940494
4940495
4941414
4942098
4942735
4942864
4943324
4943492
4943493
4943494
4943495
4944235
4944865
4944866
4945009
4945730
4946511
4946513
4946582
4946749
4947655
4947768
4947824
4948435
4948494
4948679
4948680
4949652
4949653
4949654
4949703
4950559
4950560
4950561
4950562
4951579
4951582
4953355
4953479
4953536
4953576
4954136
4954180
4954181
4954181
4954245
4956022
4956243
4956244
4956244
4957047
4957049
4957825
4958577
4959079
4959105
4959279
4960103
4960104
4960467
4961389
4961390
4962411
4963162
4963195
4963249
4963441
4963442
4963512
4963760
4964394
4965142
4966013
4966128
4966630
4967558
4967672
4967728
4967729
4968353
4968354
4968413
4968565
4969406
4969407
4970127
4970403
4970969
4970970
4971027
4971028
4971632
4971682
4972785
4973527
4973528
4973529
4973530
4974527
4974528
4974529
4974529
4974530
4975341
4976209
4976788
4977040
4977743
4977838
4977839
4978588
4978589
4978590
4979447
4979491
4979492
4979493
4980246
4980247
4981524
4981762
4982671
4982722
4983277
4983278
4983469
4983470
4983471
4984523
4985314
4985315
4986195
4986196
4986197
4986254
4987839
4987882
4988282
4988367
4988579
4988580
4988581
4988582
4989521
4991518
4992108
4992340
4992341
4993233
4993234
4993322
4993330
4993402
4994173
4994174
4994330
4994331
4994877
4995376
4996845
4996929
4997490
4997547
4997724
4997725
4997726
4997727
4997728
4998485
4999058
4999059
5000097
5000098
5000099
5000100
5000101
5001020
5002616
5002617
5003889
5003891
5003892
5005492
5005495
5005556
5006178
5006179
5006423
5006424
5007353
5007970
5008004
5008161
5008162
5009171
5009172
5009242
5009718
5009719
5009720
5009966
5009967
5010827
5010828
5010872
5011543
5011745
5012749
5012750
5012795
5013427
5013616
5013617
5014099
5015365
5017195
5017242
5017281
5017987
5018456
5018457
5018458
5019175
5019176
5019462
5019463
5020327
5020451
5020452
5021098
5021099
5021147
5021302
5021303
5022329
5022331
5022380
5022928
5022929
5023148
5023149
5023150
5023151
5023152
5024210
5024705
5024903
5024904
5026474
5027600
5027720
5027721
5028273
5028497
5030294
5031548
5032472
5034020
5034067
5034286
5034287
5035188
5035752
5035960
5035961
5036832
5038048
5038566
5039351
5039352
5039353
5039578
5041209
5041343
5042399
5042400
5042401
5042402
5043023
5043231
5044286
5044287
5045179
5045412
5045413
5046434
5047089
5047090
5047142
5047297
5047298
5048506
5049455
5049456
5049457
5049458
5050507
5050508
5050509
5050510
5050511
5051320
5052311
5052312
5053082
5053290
5054404
5054405
5054465
5054466
5055140
5055179
5055180
5057161
5057162
5057695
5058511
5058512
5058563
5058564
5059252
5059306
5059493
5060583
5061321
5061362
5061978
5062371
5062898
5063121
5063122
5063859
5063861
5064443
5064476
5064526
5064731
5064732
5064733
5066337
5066338
5066339
5067474
5067984
5068158
5068160
5069144
5069684
5069726
5069984
5069985
5069986
5071489
5071490
5071539
5071716
5071717
5071718
5072673
5072674
5073250
5074281
5074282
5074919
5075563
5076177
5076856
5077147
5078064
5078751
5078802
5078803
5079102
5079103
5079104
5079105
5079106
5080024
5080025
5080723
5080724
5081936
5081939
5081981
5082504
5082750
5082751
5082752
5083038
5083515
5083516
5083901
5084106
5084159
5084361
5084362
5084363
5085710
5085763
5085948
5085949
5086712
5086716
5087295
5088470
5089030
5089054
5090398
5091017
5091075
5092938
5092983
5093211
5093212
5093213
5094176
5094696
5094925
5094926
5094927
5095704
5095827
5095828
5096504
5096568
5096569
5096785
5097771
5097773
5098481
5099770
5100477
5100479
5100535
5100741
5100742
5100743
5100743
5101741
5102470
5102749
5103744
5103801
5103802
5103850
5104454
5104752
5104753
5105747
5106705
5107776
5108848
5108849
5110367
5110368
5110369
5110449
5110450
5110451
5110690
5110691
5110692
5111755
5112365
5112407
5112408
5112409
5112701
5113658
5113844
5114497
5114566
5114801
5114802
5115748
5116426
5116694
5116695
5117769
5117770
5117810
5118360
5118361
5120428
5120429
5121698
5122258
5122259
5122424
5123246
5123363
5123967
5125982
5125983
5126215
5126583
5127343
5127344
5127963
5128016
5129332
5129333
5129334
5129386
5130012
5130013
5130013
5130013
5130209
5131932
5131953
5131954
5131955
5131956
5132006
5132173
5132192
5133266
5133808
5133809
5134041
5134042
5134304
5134945
5135580
5137582
5138957
5138958
5139009
5139577
5139894
5139895
5140169
5141563
5141822
5141823
5141824
5142881
5142998
5142999
5143050
5143051
5143052
5143520
5143555
5143799
5143800
5144939
5145751
5145752
5145753
5146095
5147467
5147734
5147735
5148676
5149598
5149599
5149600
5151172
5151333
5151518
5151519
5151609
5152232
5154162
5154776
5154985
5154986
5155374
5156097
5156098
5156733
5156924
5156925
5156926
5156927
5156928
5158024
5158617
5158618
5158836
5159884
5159917
5161518
5161519
5162164
5162165
5162166
5163374
5164018
5164019
5165234
5167192
5167216
5167217
5167723
5168015
5168818
5168819
5169267
5169455
5169729
5169730
5170723
5170724
5170725
5170726
5170727
5171372
5171643
5171644
5171645
5173371
5173372
5174274
5175060
5175061
5175062
5175063
5176085
5176086
5176088
5176757
5176965
5176966
5177976
5178684
5178967
5178968
5178969
5178970
5179901
5180440
5180441
5181967
5182457
5182911
5182920
5183712
5185041
5185217
5185218
5185219
5186110
5186111
5186159
5187023
5187024
5188040
5188041
5188042
5188909
5190832
5190833
5191843
5191844
5191845
5191874
5191875
5192626
5193467
5194753
5195448
5195502
5195503
5196273
5196274
5198102
5198309
5198310
5198311
5199353
5199355
5200062
5200277
5200278
5201960
5202193
5202194
5203172
5203317
5205224
5206093
5206094
5206095
5207175
5208111
5208112
5208113
5208114
5209168
5209988
5211760
5211761
5212021
5212022
5213625
5213626
5213627
5213907
5213908
5213909
5213910
5213911
5214920
5215017
5215597
5215598
5216966
5216967
5216999
5217538
5217539
5217820
5217821
5219670
5219671
5219672
5219673
5219674
5220791
5220871
5220872
5220873
5221362
5221363
5221364
5221585
5221586
5221586
5221586
5222445
5222447
5223042
5223043
5224432
5224433
5225002
5225711
5226373
5226374
5226805
5227255
5227256
5227257
5228292
5228309
5228397
5228923
5228924
5228925
5228981
5229220
5229221
5229222
5229223
5230292
5230745
5230965
5231937
5232465
5232517
5232518
5232791
5232792
5232793
5233932
5233970
5234775
5234776
5236469
5236515
5237937
5237939
5237940
5238753
5238754
5239935
5240509
5240591
5240784
5240785
5241823
5241949
5242503
5242504
5242579
5242762
5242763
5242764
5244507
5244508
5244751
5244752
5245933
5245934
5245935
5245936
5245937
5245983
5245984
5245985
5246341
5246505
5246569
5246790
5246791
5246792
5246792
5247891
5248344
5248345
5248346
5248347
5248348
5248412
5248565
5248566
5250119
5250367
5251564
5251609
5252138
5252139
5252140
5252141
5252408
5252409
5253596
5253636
5254178
5254413
5254874
5255615
5255665
5256277
5256497
5256498
5257584
5257585
5257586
5258075
5258076
5258238
5258239
5258240
5259362
5259890
5260142
5260143
5261336
5261389
5261967
5261968
5261969
5262248
5262249
5264047
5264297
5264298
5264299
5265544
5266124
5266125
5266188
5266418
5268036
5268037
5268038
5268238
5268239
5268240
5269233
5269234
5269287
5269850
5269851
5269909
5269910
5269910
5269910
5269910
5270125
5270126
5270127
5270128
5270129
5270131
5271339
5271340
5272016
5273592
5273836
5273837
5273838
5275147
5275148
5275149
5277132
5277795
5277993
5277994
5277995
5279677
5279678
5279679
5279680
5279681
5279685
5279904
5279905
5280756
5281489
5282427
5282430
5282901
5284102
5284524
5284716
5284717
5284717
5285111
5286304
5286305
5286373
5286577
5286578
5286579
5287003
5288336
5288337
5288561
5289040
5289041
5289786
5290365
5290366
5290367
5290640
5290641
5291839
5292597
5292598
5292599
5294348
5296042
5296043
5296044
5296132
5296745
5297494
5297495
5298084
5298085
5298086
5298156
5298234
5298339
5298340
5298341
5298342
5299912
5300369
5300816
5301618
5301619
5301620
5302469
5302470
5304254
5304429
5304430
5305606
5305695
5306573
5306574
5306576
5306577
5306578
5306578
5307745
5307747
5307801
5308455
5308476
5308710
5308711
5309849
5309892
5311827
5311829
5312520
5312698
5312699
5312699
5312700
5313893
5313894
5313932
5314759
5314760
5314761
5314761
5315158
5316591
5316592
5316868
5316869
5316870
5317979
5318637
5318860
5318861
5318862
5320683
5320684
5322025
5322052
5322571
5322572
5322743
5323714
5323715
5323718
5323762
5323763
5324363
5324364
5325794
5325795
5325796
5325843
5326649
5328518
5328519
5328776
5328777
5328778
5329866
5330582
5330583
5330584
5330856
5330857
5330858
5330859
5332449
5332629
5332924
5333557
5333601
5333995
5334258
5335608
5336334
5336394
5336568
5336569
5336932
5337682
5337683
5338368
5338369
5338440
5338441
5338620
5338621
5338622
5339644
5339797
5340407
5340408
5340409
5340410
5340662
5340663
5340664
5342450
5342451
5342452
5342701
5342702
5342703
5342704
5342705
5344495
5344496
5344497
5344498
5344499
5344500
5344720
5344721
5346514
5346776
5346777
5346778
5346779
5347934
5347937
5347983
5347984
5347985
5348588
5348811
5348813
5349909
5350458
5350640
5350641
5350642
5351487
5352299
5353717
5353719
5353721
5354384
5354624
5354625
5354626
5356486
5356487
5356728
5356729
5356730
5357879
5357880
5358798
5359946
5360489
5360490
5360536
5360678
5360679
5360680
5361707
5361708
5361709
5362576
5362577
5363778
5363779
5363780
5363781
5364710
5364711
5365863
5365918
5365919
5366817
5366818
5366819
5366820
5366821
5366822
5366823
5366824
5368653
5368722
5368950
5370064
5370065
5370066
5370746
5372707
5372894
5372895
5373836
5373838
5374316
5375428
5375538
5375539
5376184
5376467
5376468
5376469
5376470
5376471
5376472
5377602
5377603
5377603
5378288
5378549
5379704
5379752
5380370
5380371
5380599
5380600
5381047
5381741
5382477
5383975
5384207
5384488
5385103
5385104
5385613
5385614
5385791
5386145
5387475
5387476
5388534
5388536
5388566
5389157
5389158
5389455
5390611
5391234
5391235
5391439
5391925
5393614
5394015
5395456
5395703
5395704
5396849
5397399
5397400
5397654
5397655
5397656
5398622
5399441
5399442
5400597
5400722
5400723
5400724
5400725
5401129
5401328
5401329
5401330
5401335
5401588
5401589
5402738
5403403
5403404
5403674
5404722
5404866
5404867
5404868
5405452
5405711
5406935
5406936
5407490
5407755
5407756
5407757
5407758
5408941
5408989
5409548
5409549
5409783
5409784
5410972
5411014
5411600
5413090
5413877
5413878
5413879
5415111
5415112
5415154
5415699
5417169
5417769
5418078
5418079
5418080
5419134
5419265
5419780
5419781
5419977
5419978
5419979
5419980
5421274
5421275
5421321
5421907
5421908
5422194
5422195
5423270
5423893
5424142
5424143
5425316
5426001
5426002
5427036
5427627
5427628
5427869
5429684
5429884
5429885
5431112
5431147
5431148
5431740
5431741
5431742
5432019
5432020
5432021
5432022
5432023
5434015
5436084
5436086
5436507
5437236
5437264
5437733
5437734
5437735
5439490
5439529
5439531
5439532
5440881
5441576
5441818
5441819
5441820
5441821
5441822
5443021
5443656
5445086
5445087
5445176
5445900
5445901
5445902
5445903
5447575
5447804
5448888
5448956
5449412
5449567
5449568
5450801
5450802
5451472
5452668
5452669
5452670
5452709
5453133
5453134
5453329
5453330
5453331
5453332
5454693
5454878
5454879
5454933
5456761
5456762
5456763
5456990
5457345
5458070
5458071
5458693
5458694
5458987
5458988
5460162
5460658
5460659
5460895
5460896
5461861
5461990
5462046
5462814
5462815
5462816
5463256
5464699
5465707
5466300
5466301
5468303
5468572
5468573
5470395
5470396
5470668
5470669
5470670
5470671
5470672
5472798
5472799
5472799
5472800
5472909
5473997
5474619
5474620
5474621
5474856
5476552
5476729
5477683
5477789
5477847
5478401
5478406
5478661
5478662
5480493
5480734
5480735
5480736
5480737
5480738
5482567
5482568
5482569
5482569
5482570
5482790
5482791
5483796
5483949
5484665
5486236
5486237
5486427
5486428
5486429
5487790
5487791
5487954
5489375
5489482
5490468
5492141
5492617
5492776
5492777
5494406
5495127
5495811
5496413
5496414
5496415
5496464
5496654
5497623
5497709
5497761
5498296
5498486
5499585
5500050
5500051
5500053
5500054
5500055
5500305
5500306
5500307
5501742
5501743
5501744
5501913
5501914
5503529
5503683
5503684
5503943
5503944
5505144
5505787
5505788
5505837
5506065
5506066
5506452
5507237
5507274
5507275
5507879
5507880
5508126
5508127
5509972
5509973
5510200
5510201
5511495
5511535
5511536
5512106
5512107
5512108
5512787
5513581
5514222
5514485
5514486
5515678
5515792
5516596
5516597
5518553
5518826
5518827
5518828
5518829
5518830
5520123
5520746
5521017
5521018
5521018
5521019
5521019
5522942
5522943
5523174
5523175
5523176
5524609
5525435
5526645
5527396
5527630
5527631
5527632
5527633
5527634
5529053
5529854
5529855
5531072
5531168
5531169
5531214
5531215
5531216
5531797
5532070
5532071
5532072
5534136
5534361
5534362
5536332
5537939
5537989
5537990
5538562
5538563
5540215
5540216
5541013
5541014
5541015
5542408
5542987
5542988
5543237
5543238
5543239
5543240
5544597
5545260
5545491
5547515
5547775
5547776
5547776
5548956
5549058
5549761
5549762
5549981
5549982
5551236
5551353
5551354
5551357
5551990
5551991
5553557
5554228
5554452
5554453
5554818
5555821
5555822
5555876
5555877
5558027
5558722
5558946
5558947
5558954
5560303
5560304
5560782
5560998
5560999
5562052
5562780
5563002
5563003
5564347
5564348
5564350
5564409
5564410
5565040
5565278
5565279
5566624
5566625
5567247
5567248
5567537
5568775
5569331
5569550
5570644
5571337
5571338
5571339
5571401
5571629
5572937
5572986
5572987
5573599
5573600
5573865
5573866
5575275
5575859
5575860
5575861
5577491
5577492
5578138
5578139
5578140
5578141
5578387
5580394
5580671
5580672
5582010
5582116
5582117
5582118
5582652
5582928
5582929
5584254
5584255
5584939
5584940
5585202
5586547
5586548
5587250
5589005
5589006
5589007
5589284
5589285
5589286
5591535
5592027
5592931
5593508
5595606
5595831
5595832
5595833
5596934
5596980
5597420
5597421
5598705
5599402
5599636
5599637
5599638
5599638
5599639
5601038
5601073
5601074
5601660
5601935
5601936
5601937
5603777
5604046
5604047
5605103
5605170
5605769
5606924
5607518
5607783
5607784
5607785
5607785
5609103
5609693
5611869
5611914
5612147
5612148
5613452
5614032
5615625
5615626
5616184
5616185
5616429
5616430
5616962
5617799
5617842
5619933
5619934
5619937
5620527
5620528
5620528
5620529
5620530
5620806
5622533
5622789
5624767
5624768
5626087
5626685
5626686
5626687
5626976
5628189
5628259
5628260
5629101
5629102
5629103
5631098
5632146
5632210
5632822
5634412
5634413
5636579
5637154
5637155
5637413
5637414
5639313
5639567
5640949
5641361
5641584
5641585
5643368
5643688
5643689
5644995
5644996
5645043
5645044
5645615
5645949
5645950
5645951
5647342
5647876
5647914
5647915
5648181
5648182
5650018
5651250
5651836
5651837
5652067
5653181
5653182
5653221
5654108
5655464
5655465
5655514
5656097
5656385
5656386
5656387
5656388
5656389
5656864
5657704
5657705
5657744
5658680
5658681
5660041
5660163
5660164
5660642
5660643
5660644
5660645
5660939
5660940
5661976
5662048
5662049
5662051
5663007
5663599
5664418
5664419
5664503
5665173
5665174
5665480
5665481
5666817
5666890
5667594
5667595
5667596
5669986
5670268
5670269
5671600
5672183
5672213
5672436
5672437
5672438
5673635
5673683
5674324
5676069
5676126
5676712
5676713
5676764
5676765
5677072
5677073
5678496
5679175
5680820
5681401
5682826
5682827
5683827
5683828
5685150
5685151
5685240
5685243
5685918
5686195
5686196
5686197
5686198
5686199
5688336
5688608
5688609
5690810
5691073
5691074
5692490
5693150
5694771
5694773
5697217
5698047
5698336
5699784
5700331
5700332
5700466
5700594
5701828
5702537
5702835
5702836
5702837
5702838
5704300
5704991
5705287
5706797
5707457
5707458
5707754
5709418
5709960
5711233
5711234
5711823
5711824
5712051
5712053
5712054
5713289
5714011
5714275
5715762
5715763
5715808
5716441
5716458
5716479
5716725
5716726
5718771
5718772
5720231
5720784
5720825
5720826
5721062
5721064
5722332
5723227
5723228
5724894
5724895
5724898
5724899
5724899
5724900
5725005
5725614
5725615
5725963
5725964
5727480
5727481
5727482
5727584
5728229
5728482
5728483
5728484
5728485
5728485
5730072
5730116
5730806
5731096
5733380
5733381
5733674
5733675
5733676
5733677
5734201
5735223
5735224
5735261
5735916
5735965
5735966
5736267
5736268
5738024
5738084
5738730
5738731
5738731
5740671
5741368
5741369
5741604
5743195
5743196
5743969
5744025
5744870
5746141
5746142
5746838
5747183
5747184
5749308
5750277
5750278
5750279
5750280
5752451
5753049
5753381
5753382
5753383
5753384
5755101
5755215
5755837
5755838
5758910
5759290
5759291
5759710
5759711
5762005
5762008
5762009
5762009
5762719
5763112
5763113
5765489
5766785
5766786
5766787
5766787
5766788
5769006
5769007
5769008
5769067
5769068
5769962
5769963
5770325
5770326
5771816
5771817
5771819
5771820
5771821
5771821
5772790
5772791
5772792
5773159
5773160
5773161
5775106
5776211
5776261
5776623
5776624
5779816
5780178
5782031
5782032
5782187
5782992
5782993
5782994
5783063
5783322
5783324
5784974
5785767
5785768
5786103
5786104
5787876
5787877
5789090
5789091
5789092
5789093
5789094
5789105
5791265
5791266
5792278
5792279
5792571
5794610
5795664
5795665
5795666
5795667
5795668
5795669
5795669
5795670
5795671
5797333
5797386
5797996
5797997
5797998
5798185
5798186
5798187
5799592
5799596
5800629
5800630
5800631
5800937
5800938
5803936
5804324
5804325
5804326
5804327
5804328
5806441
5806443
5806444
5806510
5807439
5807440
5807641
5808368
5809781
5809909
5809910
5811200
5811201
5816047
5816237
5819672
5823121
5823122
5823175
5823176
5823748
5824427
5824428
5826518
5827619
5829426
5830591
5830592
5832843
5832844
5836256
5836257
5837392
5837393
5837394
5839281
5839374
5840436
5840437
5844323
5846667
5846668
5846669
5849106
5849107
5849426
5849427
5850830
5851308
5851309
5851688
5852330
5853496
5853497
5853908
5853909
5853910
5855691
5856033
5856034
5856035
5857419
5857420
5858119
5858120
5858566
5858567
5858568
5860412
5860413
5860414
5861045
5861220
5861221
5862761
5862798
5862799
5863353
5863670
5863671
5863672
5865903
5865904
5865905
5866274
5867987
5868082
5868083
5868084
5868868
5869200
5869201
5869202
5871590
5871637
5871859
5874181
5874182
5876866
5879471
5879472
5879540
5879825
5879826
5879827
5881653
5881712
5882433
5882808
5882809
5884568
5885366
5885367
5885725
5885727
5885728
5887583
5888663
5888664
5890442
5890443
5891263
5891588
5894835
5894836
5894837
5895507
5897714
5897970
5897971
5899070
5899198
5900328
5900329
5902415
5902416
5902690
5902691
5904137
5904997
5904998
5904999
5906897
5907191
5908712
5910377
5910687
5911683
5911838
5912087
5913272
5913985
5914198
5914199
5915375
5916374
5916433
5916699
5916700
5916701
5919313
5919314
5919581
5919582
5919583
5920126
5922141
5922484
5922485
5922486
5922487
5922487
5922487
5924367
5924414
5925475
5925476
5927215
5927270
5927271
5928436
5928437
5928438
5928804
5928805
5928806
5928807
5931155
5931156
5931157
5932028
5932364
5932365
5932366
5932367
5934206
5934270
5935342
5935343
5935344
5935724
5935725
5935726
5937768
5937848
5939217
5939218
5939219
5941183
5941237
5941238
5942045
5942046
5942047
5942048
5942049
5942343
5942344
5942345
5942346
5942347
5942348
5942349
5943969
5944009
5944010
5944912
5945228
5945229
5945230
5945231
5945232
5946914
5947113
5948174
5948175
5948556
5950547
5950617
5951784
5951785
5952115
5952116
5952117
5952118
5953916
5954000
5954045
5955213
5955214
5957065
5958612
5958613
5958614
5958615
5960789
5961736
5961737
5961738
5961739
5961740
5961741
5961742
5962154
5964215
5964961
5965287
5967061
5967062
5967064
5967139
5968211
5968286
5968679
5970713
5972529
5973256
5973257
5973258
5973259
5976720
5976721
5976722
5976723
5976724
5976725
5976726
5977474
5977475
5977476
5977477
5977648
5979340
5979437
5979438
5981094
5981095
5981096
5981097
5981863
5981864
5981865
5981866
5981867
5982045
5983809
5983810
5985473
5985474
5985475
5985476
5986202
5986203
5986204
5986205
5986205
5989738
5989739
5989740
5989741
5990412
5990413
5990414
5990415
5990567
5993983
5993984
5993985
5993986
5993987
5993988
5994639
5994640
5994641
5996348
5997251
5998052
5998053
5998054
5998055
5998056
5998057
5998728
5998729
6000392
6001497
6001498
6001499
6001500
6001501
6003507
6004687
6005182
6005183
6005184
6006681
6007929
6007930
6007931
6007932
6007933
6008446
6008447
6008448
6008449
6008450
6009710
6010797
6011214
6012448
6013384
6013385
6013869
6013870
6013871
6013872
6014966
6014967
6015632
6015633
6015634
6015949
6015950
6016013
6016014
6017645
6017646
6017647
6017648
6017649
6018121
6018122
6018123
6020082
6020552
6020553
6020554
6020555
6022633
6023019
6024085
6025082
6025083
6025084
6025554
6026805
6028263
6028264
6029452
6029655
6030717
6031176
6031177
6031178
6033792
6033793
6034318
6034319
6034320
6034321
6034322
6035849
6037071
6037072
6037073
6037074
6037075
6037534
6037535
6038987
6040071
6040072
6040073
6040074
6040075
6040076
6040519
6040520
6040520
6041723
6042954
6042955
6042956
6042957
6042958
6043424
6043425
6043426
6043427
6043564
6044839
6045932
6045933
6045934
6046398
6046399
6046400
6046401
6046402
6047648
6047695
6047696
6048632
6048633
6048634
6048635
6049034
6050202
6050203
6050203
6051327
6051328
6051329
6051330
6051773
6051774
6051775
6051776
6051777
6054042
6054227
6054228
6054229
6054230
6054231
6055915
6055916
6057050
6057051
6057052
6057053
6057503
6057504
6057505
6057506
6057605
6058856
6058857
6058929
6060186
6060187
6060188
6060189
6060657
6060658
6062028
6063514
6063515
6063516
6063994
6063995
6064122
6066407
6066408
6066409
6066795
6066796
6067914
6067981
6068940
6068941
6068942
6068943
6069312
6069408
6071633
6071634
6071635
6071636
6072114
6072115
6072116
6072117
6072243
6072244
6073447
6074769
6074770
6074770
6074771
6074772
6075199
6075200
6075201
6075202
6077619
6077620
6078006
6079407
6080499
6080500
6080501
6080502
6080503
6080926
6080927
6081042
6082352
6082353
6083635
6083636
6083637
6084174
6084175
6087027
6087028
6087029
6087030
6087031
6087032
6087033
6087578
6087579
6089020
6089223
6090498
6090499
6090500
6090500
6091014
6091015
6091016
6091017
6091018
6091019
6091020
6093499
6093500
6093501
6093881
6093883
6093884
6096447
6096448
6096449
6096450
6096967
6096968
6099982
6099983
6099984
6100463
6100464
6100465
6100465
6101956
6101957
6103408
6103409
6103410
6103411
6103412
6103413
6103414
6103968
6103969
6105517
6105569
6106961
6106962
6106963
6106964
6106965
6106966
6107559
6107560
6107561
6107562
6107563
6109257
6110610
6110611
6110612
6110613
6110614
6110615
6111187
6111188
6111189
6111190
6112523
6114057
6114619
6117576
6117577
6117578
6117579
6117580
6117581
6118066
6119606
6119681
6119682
6120679
6120922
6120923
6120924
6120925
6121539
6121540
6121541
6122914
6123066
6124048
6124050
6124051
6124052
6124053
6124544
6125773
6127054
6127055
6127056
6127057
6127058
6127059
6127060
6127619
6127620
6127621
6127622
6127623
6127738
6128902
6130376
6130377
6130378
6130379
6131524
6131564
6132894
6133519
6133520
6133521
6136461
6136462
6137047
6137186
6138586
6139721
6139722
6139984
6140569
6143975
6145452
6146778
6146779
6146780
6146781
6147293
6147294
6147295
6147296
6147414
6148741
6150046
6150047
6150048
6150601
6150602
6150603
6150604
6153322
6153323
6153324
6153326
6153326
6153822
6153823
6155181
6155249
6156446
6156447
6156448
6156966
6156967
6157087
6159625
6159626
6159627
6159628
6160214
6161489
6161490
6162553
6162554
6162555
6162556
6162557
6162985
6162986
6162987
6164219
6165631
6165632
6165633
6165634
6165635
6166317
6166318
6166319
6166320
6166321
6168876
6169245
6171717
6171718
6171719
6171720
6172294
6172295
6172296
6173661
6174614
6174615
6175074
6177626
6177627
6177628
6177734
6178898
6178965
6180270
6180271
6180272
6180273
6180274
6180275
6180276
6180867
6180868
6180869
6180870
6180871
6182584
6183628
6183893
6183894
6183895
6183896
6183897
6184455
6184456
6184457
6186079
6187463
6187464
6187465
6187466
6187467
6188011
6188012
6189461
6189462
6190541
6190790
6190791
6190792
6191351
6191352
6191495
6194093
6194094
6194095
6194649
6194650
6196215
6196216
6197441
6198036
6198037
6199490
6200695
6200696
6200697
6201178
6201179
6201180
6201314
6202576
6203934
6203935
6204441
6204442
6205997
6207305
6207306
6207307
6207308
6207309
6207310
6207311
6207312
6207313
6207888
6207889
6207890
6210819
6210820
6210821
6210822
6211453
6211454
6212889
6213029
6213032
6214484
6214485
6214486
6214487
6215059
6215060
6215198
6216462
6216479
6216687
6218033
6218034
6218035
6218036
6218037
6218038
6218604
6218605
6218606
6218607
6218608
6220188
6220240
6221521
6221522
6222114
6222115
6222116
6222117
6223534
6223742
6224992
6224993
6225550
6225551
6225552
6227125
6228517
6228518
6228519
6228520
6228521
6229083
6232004
6232005
6232006
6232007
6232008
6232009
6232543
6232544
6232545
6232546
6232672
6234091
6234165
6235416
6235417
6235981
6235982
6235983
6237336
6237511
6238813
6238814
6238815
6238816
6239351
6239352
6239353
6239354
6239355
6239505
6239506
6242117
6242118
6242119
6242120
6242121
6242122
6242123
6242684
6242685
6242686
6242817
6244061
6244194
6244198
6244263
6245451
6245452
6245453
6245986
6245987
6246125
6247311
6247312
6248459
6248460
6248461
6248462
6248463
6248464
6248465
6248466
6248467
6248468
6248947
6248948
6248949
6249057
6249058
6250235
6251533
6252154
6252155
6252156
6252157
6253562
6253688
6255008
6255009
6255010
6255011
6255579
6257156
6258258
6258473
6258474
6258475
6259015
6261708
6261709
6261710
6262357
6262358
6263673
6263869
6265091
6265092
6265093
6265094
6265651
6265652
6265784
6268073
6268074
6268075
6268076
6268557
6268558
6268559
6270916
6271460
6271461
6273008
6274257
6274258
6274259
6274260
6274261
6274803
6274804
6274805
6276358
6277507
6277508
6277509
6277510
6277511
6277512
6278051
6278052
6278053
6278054
6278055
6278196
6278197
6279320
6279491
6279492
6279493
6280863
6280864
6280865
6280866
6280867
6280867
6280868
6280869
6280870
6280871
6280871
6281424
6281425
6281426
6281427
6281428
6281429
6283047
6283048
6283709
6284396
6284397
6284398
6284399
6284400
6284401
6284402
6284965
6284966
6284967
6284968
6285089
6286313
6286442
6286503
6287714
6287715
6287716
6288322
6288323
6288324
6288325
6291088
6291089
6291090
6291091
6291092
6291093
6291760
6291761
6291762
6293277
6294275
6294276
6294277
6294278
6294279
6294280
6294721
6294722
6294723
6294724
6294725
6294843
6295817
6296956
6296957
6296958
6296959
6296960
6296961
6296962
6296963
6297441
6297442
6298662
6299993
6299994
6299995
6299996
6299997
6299998
6299999
6300000
6300554
6300555
6300556
6300557
6300558
6301893
6302098
6302099
6303242
6303243
6303244
6303852
6306529
6306530
6306531
6306532
6306533
6306534
6306535
6307143
6307144
6307145
6307146
6307147
6309767
6309768
6309769
6309770
6309771
6309772
6309773
6310280
6310281
6312481
6312482
6312841
6312842
6312843
6312844
6312845
6312846
6313393
6313394
6313395
6313396
6313397
6314737
6316132
6316133
6316134
6316135
6316136
6316137
6316138
6316714
6316715
6319394
6319624
6319625
6320113
6320114
6320115
6320116
6320271
6320272
6321538
6321664
6321665
6322912
6322913
6322914
6322915
6322916
6322917
6322918
6322919
6323414
6323415
6323416
6326094
6326095
6326096
6326097
6326539
6326540
6329088
6329089
6329090
6329091
6329092
6329093
6329587
6329588
6331365
6331669
6331670
6331671
6331672
6332319
6333455
6333456
6333457
6335110
6335111
6335478
6335479
6335480
6336451
6337435
6337436
6338302
6338911
6338912
6339187
6340787
6340788
6342313
6342314
6342668
6342669
6342670
6342671
6344288
6344289
6344289
6344290
6344607
6345956
6346339
6346340
6346668
6346669
6348276
6348277
6348278
6348279
6349657
6349717
6350534
6350535
6350536
6350537
6350538
6350539
6350943
6350944
6350945
6352039
6352791
6353174
6353175
6354288
6355366
6355367
6355368
6355369
6355370
6355872
6355873
6355874
6358636
6358637
6358638
6358639
6358640
6358641
6359208
6359209
6359210
6360541
6361889
6361890
6361891
6361892
6361893
6361894
6361895
6362413
6362414
6363927
6365037
6365288
6365289
6365290
6365291
6365292
6365293
6365294
6365295
6365822
6365823
6365824
6365984
6367256
6367258
6368062
6368734
6368735
6368736
6368737
6368738
6368739
6369314
6369315
6369316
6372369
6372370
6372371
6372372
6372373
6372374
6372375
6372976
6372977
6372978
6372979
6372980
6373144
6374613
6376109
6376110
6376111
6376112
6376113
6376114
6376115
6376116
6376117
6376763
6376764
6379825
6379826
6379827
6379828
6379829
6379830
6379831
6379832
6379833
6380476
6380477
6380478
6380479
6380480
6380480
6383669
6383670
6383671
6383672
6383673
6383674
6383675
6383676
6383677
6384312
6384313
6384314
6384315
6384316
6384317
6384318
6384319
6384320
6387553
6387554
6387555
6387556
6387557
6387558
6387559
6388186
6389829
6389994
6391483
6391484
6391485
6391486
6392137
6395413
6395414
6395415
6395970
6395971
6395972
6399230
6399231
6399232
6399233
6399234
6399235
6399236
6399236
6399872
6399873
6400038
6401635
6403242
6403243
6403244
6403245
6403246
6403246
6403247
6403248
6403876
6406804
6406805
6406806
6406807
6406808
6406809
6407326
6407327
6407328
6407329
6407330
6410173
6410174
6410175
6410176
6410177
6410178
6410179
6410842
6413660
6413661
6413662
6413663
6413664
6414234
6414235
6414236
6414237
6415782
6416890
6416891
6416892
6416893
6416894
6416895
6416896
6416897
6416898
6417441
6417577
6420058
6420059
6420060
6420061
6420062
6420063
6420642
6420643
6420644
6420645
6420646
6420647
6420794
6420795
6423433
6423434
6423435
6423436
6423437
6423438
6423893
6423894
6423895
6425247
6425334
6425390
6426157
6426158
6426159
6426160
6428914
6428915
6428916
6428917
6428918
6428919
6428920
6429367
6429368
6431093
6432564
6432565
6432566
6432567
6432568
6432569
6432570
6433268
6433269
6434941
6436560
6436561
6436562
6436563
6436564
6436565
6436566
6436567
6437230
6437231
6437232
6437233
6437234
6437235
6437456
6438956
6439138
6440593
6440594
6440595
6440595
6440596
6440597
6440598
6441296
6441297
6441298
6441299
6441300
6441506
6442936
6443144
6444336
6444337
6444338
6444339
6444340
6444341
6444342
6444343
6444344
6444345
6444346
6444896
6444897
6444897
6444897
6444898
6444899
6446624
6447939
6447940
6447941
6447942
6447943
6447944
6448488
6451463
6451464
6451465
6451466
6451467
6451468
6451469
6451470
6452085
6452086
6452087
6452088
6452089
6452090
6452091
6452286
6455178
6455179
6455180
6455181
6455182
6455183
6455184
6455764
6455766
6457424
6458476
6458477
6458478
6459031
6459032
6459033
6459034
6460471
6461750
6461751
6461752
6461753
6461754
6461755
6462264
6462265
6463863
6464859
6465117
6465118
6465119
6465723
6465724
6465725
6465726
6465898
6465899
6465900
6465901
6468680
6468681
6468682
6468683
6468684
6468685
6469240
6469241
6469242
6470682
6470811
6472089
6472090
6472091
6472092
6472093
6472094
6472592
6472593
6474088
6474248
6475650
6475651
6475652
6475653
6475654
6475655
6475656
6475657
6476310
6476311
6476312
6476313
6476314
6476512
6477839
6477840
6479176
6479177
6479178
6479179
6479180
6479181
6479182
6479742
6479743
6479744
6479906
6482538
6483019
6483198
6485850
6485851
6485852
6485853
6485854
6485855
6485856
6485857
6486390
6486391
6487858
6489047
6489048
6489049
6489050
6489051
6489551
6489552
6489690
6492042
6492043
6492044
6492045
6492046
6492047
6492048
6492050
6492051
6492052
6492053
6492054
6492055
6492585
6492742
6494199
6495275
6495276
6495277
6495278
6495279
6495280
6495749
6495750
6497969
6497970
6497971
6497972
6497973
6497974
6498288
6498289
6498401
6499308
6499411
6500571
6500572
6500573
6500574
6500575
6500576
6500577
6500578
6500579
6501012
6501013
6502519
6503647
6503648
6503649
6503650
6503651
6503652
6503653
6503654
6504090
6504259
6505784
6506509
6506510
6506511
6506512
6506969
6508246
6509111
6509112
6511764
6511765
6511766
6511767
6512169
6512170
6512170
6512171
6513517
6514633
6514634
6514635
6515214
6515215
6515216
6515217
6515218
6516793
6516794
6516794
6517961
6517962
6517963
6517964
6518492
6518493
6520095
6520096
6521363
6521364
6521365
6521366
6521367
6521368
6521820
6521821
6521822
6521823
6521823
6521825
6521826
6522024
6524732
6524733
6524734
6524735
6525260
6525261
6525261
6525262
6525263
6526964
6528190
6528191
6528192
6528193
6528194
6528195
6528196
6528197
6528198
6528199
6528200
6528715
6528716
6528717
6528718
6530368
6531235
6531236
6531237
6531238
6531239
6531240
6531652
6531653
6532739
6532951
6532952
6534208
6534209
6534210
6534701
6534702
6534703
6534704
6537689
6537690
6537691
6538190
6538191
6538192
6538193
6538194
6538339
6539716
6539717
6539737
6541140
6541141
6541142
6541143
6541144
6541145
6541146
6541147
6541148
6541149
6541692
6541693
6541694
6541694
6541695
6541696
6541876
6543440
6543441
6544674
6544675
6544676
6544677
6544678
6544679
6544680
6545210
6546882
6547959
6548196
6548197
6548198
6548199
6548200
6548201
6548202
6548750
6548912
6550247
6551730
6551731
6551732
6551733
6551734
6551735
6552256
6552257
6552258
6553923
6555258
6555259
6555260
6555261
6555738
6555739
6555740
6558822
6558823
6558824
6558825
6558826
6558827
6558828
6558829
6558830
6558831
6559370
6559371
6559372
6559373
6559374
6562494
6562495
6562496
6562496
6562497
6562498
6562499
6562500
6562501
6562502
6562503
6562504
6562505
6562506
6563039
6563040
6564795
6565997
6565998
6565999
6566000
6566001
6566002
6566003
6566593
6566594
6566594
6566763
6568385
6569548
6569549
6569550
6569551
6569552
6569553
6569554
6570082
6570083
6571788
6572991
6572992
6572993
6572994
6572995
6572996
6573444
6576354
6576355
6576356
6576357
6576358
6576359
6576360
6576361
6576362
6576829
6576830
6579636
6579637
6579638
6580025
6580026
6580178
6581588
6582839
6582840
6582841
6582842
6582843
6582844
6582845
6582846
6583348
6583349
6586122
6586123
6586124
6586125
6586126
6586127
6586128
6586667
6586668
6586669
6589677
6589678
6589679
6589680
6589681
6589682
6589683
6589684
6590148
6590149
6590299
6593016
6593017
6593018
6593019
6593019
6593019
6593020
6593021
6593022
6593519
6593520
6593521
6596421
6596422
6596423
6596424
6596425
6596426
6596427
6596428
6596934
6598600
6599649
6599650
6599651
6599652
6599653
6600099
6601524
6601525
6602623
6602624
6602625
6602626
6602627
6602628
6602629
6602630
6602631
6603068
6603069
6604520
6605374
6605375
6605376
6605377
6605378
6605379
6605380
6605773
6606987
6607852
6607853
6607854
6607855
6607856
6607857
6608396
6610430
6610431
6610432
6610433
6610433
6610434
6610435
6610918
6610919
6612249
6613463
6613464
6613465
6613466
6613467
6613468
6613469
6613470
6613972
6613973
6614124
6615600
6617063
6617064
6617065
6617066
6617067
6617504
6617505
6617506
6617507
6619216
6619281
6619282
6620534
6620535
6620536
6620537
6620538
6620539
6620540
6620541
6620994
6620995
6620996
6620997
6622717
6623879
6623880
6623881
6624349
6624350
6624529
6626002
6627337
6627338
6627339
6627340
6627341
6630257
6630258
6630259
6630260
6630261
6630262
6630263
6630264
6630265
6630266
6630267
6630268
6630268
6630621
6632550
6632551
6632552
6632553
6632554
6632555
6632556
6632992
6635093
6635368
6635369
6635370
6635371
6635372
6635373
6635374
6635375
6635376
6635377
6635816
6635817
6637426
6637427
6638648
6638649
6638650
6638651
6638652
6638653
6638654
6638655
6638656
6638657
6638658
6639142
6641942
6641943
6641944
6641945
6641946
6641947
6644302
6645649
6645650
6645651
6645652
6645653
6645654
6645655
6645656
6645657
6645658
6645659
6646195
6647901
6647978
6649288
6649289
6649290
6649291
6649292
6649293
6649294
6649295
6649296
6649297
6649297
6649297
6649297
6649298
6649299
6649821
6649822
6649823
6651433
6651434
6653002
6653003
6653004
6653005
6653006
6653007
6653008
6653009
6653010
6653011
6653548
6653549
6653550
6653551
6653552
6653553
6655374
6656615
6656616
6656617
6656618
6656619
6656620
6656621
6656622
6656623
6656624
6657117
6657118
6660414
6660415
6660416
6660417
6660418
6660419
6660420
6660421
6660422
6660423
6660926
6660927
6660928
6660929
6660930
6661112
6662799
6662800
6663989
6663990
6663991
6663992
6663993
6663994
6663995
6663996
6663997
6663998
6664461
6664654
6666153
6666206
6667121
6667122
6667123
6667124
6667125
6667126
6667127
6667433
6668553
6668554
6668818
6668819
6670057
6670058
6670059
6670060
6670061
6670062
6670063
6670064
6670065
6670066
6670067
6670068
6670539
6670540
6670541
6670542
6670543
6670720
6672063
6672521
6673478
6673479
6673480
6673481
6673996
6674180
6675579
6676121
6677066
6677067
6677068
6677068
6677069
6677070
6677071
6677072
6677515
6679246
6680135
6680136
6680137
6680138
6680138
6680431
6682834
6682835
6682836
6682837
6682838
6682839
6682840
6682841
6682842
6682843
6682844
6683242
6683243
6685753
6686076
6686077
6686078
6686079
6686080
6686081
6686082
6686083
6686084
6686532
6686533
6688302
6689498
6689499
6689500
6689501
6689502
6689503
6689504
6689948
6689949
6689950
6691700
6692229
6692850
6692851
6692852
6692853
6692854
6692855
6692856
6692857
6692858
6692859
6692860
6693236
6694737
6696184
6696185
6696186
6696186
6696187
6696188
6696189
6696190
6696191
6696192
6696193
6696194
6696635
6696636
6698364
6699607
6699608
6699609
6699610
6699611
6699612
6699613
6700053
6700054
6700055
6700056
6700057
6700214
6700215
6700217
6701710
6703148
6703149
6703150
6703151
6703152
6703153
6703154
6703155
6703554
6703717
6703719
6705084
6705310
6706428
6706429
6706430
6706431
6706432
6706433
6706434
6706435
6706436
6706437
6706438
6706958
6706959
6706960
6706961
6706962
6708493
6708686
6709776
6709777
6709778
6709779
6709780
6709781
6710238
6710467
6710468
6712011
6712068
6713200
6713201
6713202
6713203
6713204
6713205
6713206
6713669
6713890
6713892
6716545
6716546
6716547
6716548
6716549
6716550
6717044
6717284
6720097
6720098
6720099
6720100
6720101
6720102
6720103
6720104
6720105
6720669
6722356
6722357
6723458
6723459
6723460
6723461
6723462
6723463
6723911
6724096
6727011
6727012
6727013
6727014
6727015
6727424
6730422
6730423
6730424
6730425
6730426
6730839
6730840
6732664
6733908
6733909
6733910
6733911
6733912
6733913
6733914
6733915
6734351
6734352
6734575
6735945
6736133
6737180
6737181
6737182
6737183
6737184
6737185
6737572
6737756
6739135
6740431
6740432
6740433
6740434
6740435
6740436
6740437
6740438
6740439
6740440
6740441
6740442
6740443
6740444
6740806
6740987
6740988
6742461
6743536
6743537
6743538
6743539
6743540
6743541
6743542
6743973
6744234
6746788
6746789
6746790
6746791
6746792
6747202
6748880
6748881
6748882
6749957
6749958
6750390
6750391
6750392
6750393
6750557
6750558
6752092
6753104
6753105
6753106
6753107
6753468
6756139
6756140
6756141
6756142
6756143
6756144
6756145
6756146
6756147
6756148
6756149
6756536
6756695
6758150
6758210
6759152
6759153
6759153
6759154
6759154
6759155
6759156
6759757
6761986
6761987
6761988
6761989
6761990
6762358
6763771
6763825
6764779
6764780
6764781
6764782
6764783
6764784
6764785
6764786
6765308
6766749
6767659
6767660
6767661
6767662
6767663
6768046
6768047
6768048
6769369
6769426
6770389
6770390
6770391
6770392
6770393
6770394
6770395
6772592
6773836
6773837
6773838
6773839
6773840
6773841
6773842
6773843
6773844
6774298
6774299
6774503
6775981
6775998
6776153
6777114
6777115
6777116
6777117
6777118
6777119
6777120
6777121
6777122
6777123
6777124
6777125
6777126
6777609
6780532
6780533
6780534
6780535
6780536
6781253
6783876
6783877
6783878
6783879
6783880
6783881
6783882
6783883
6783884
6784356
6784357
6784358
6784359
6784360
6784563
6784565
6786044
6787253
6787254
6787255
6787256
6787257
6787258
6787259
6787260
6787261
6787262
6787263
6787691
6787692
6787692
6787933
6790545
6790546
6790547
6790548
6790549
6790550
6790551
6790552
6790553
6791023
6792937
6792938
6794066
6794067
6794068
6794069
6794070
6794071
6794072
6794073
6794074
6794075
6794076
6794077
6794078
6794079
6797417
6797418
6797419
6797420
6797421
6797422
6797423
6797424
6797425
6797873
6798081
6800384
6800385
6800386
6800387
6800388
6800389
6800390
6800391
6800800
6800801
6800955
6803135
6803136
6803137
6803138
6803139
6803140
6803141
6803142
6803512
6803513
6803514
6803670
6804961
6805982
6805983
6805984
6805985
6805986
6805987
6805988
6805989
6806413
6806414
6807962
6808830
6808832
6808833
6808834
6808835
6808836
6808837
6808838
6808839
6809249
6809250
6809251
6809252
6809430
6809431
6811903
6811904
6811905
6811906
6811907
6811908
6811909
6811910
6811911
6811912
6811913
6811914
6811915
6811916
6811917
6812395
6812396
6812397
6812398
6814069
6815099
6815100
6815101
6815102
6815103
6815104
6815105
6815106
6815107
6815108
6815109
6815110
6815111
6815112
6815113
6815114
6815115
6815604
6815605
6817356
6818333
6818334
6818335
6818337
6818338
6818339
6818340
6818817
6818818
6818819
6819007
6820610
6821657
6821658
6821659
6821659
6821660
6821661
6821662
6821663
6821664
6821665
6821666
6821667
6822156
6822157
6822158
6824574
6824898
6824899
6824900
6824901
6824902
6824903
6824904
6824905
6824906
6824907
6824908
6824909
6824910
6824911
6824912
6824913
6825407
6825408
6827080
6827081
6827750
6828047
6828048
6828049
6828050
6828051
6828052
6828053
6828054
6828055
6828056
6828498
6830000
6830839
6830840
6830841
6830842
6830843
6831220
6831373
6832565
6832607
6833203
6833204
6833205
6833206
6833207
6833208
6833209
6833210
6833211
6833212
6833213
6833631
6833632
6834596
6835476
6835477
6835478
6835479
6835480
6835481
6835482
6835483
6835484
6835485
6835486
6835487
6835488
6835488
6835887
6836027
6837235
6838198
6838199
6838200
6838201
6838202
6838203
6838204
6838610
6838781
6841275
6841276
6841277
6841278
6841279
6841280
6841281
6841282
6841283
6841284
6841285
6841286
6841287
6841288
6841289
6841726
6841893
6844092
6844093
6844094
6844095
6844095
6844096
6844097
6844098
6844099
6844100
6844101
6846583
6846584
6846585
6846586
6846587
6846588
6846589
6846983
6847127
6848374
6848441
6849350
6849351
6849352
6849353
6849354
6849796
6849797
6849963
6849964
6852433
6852434
6852435
6852436
6852437
6852438
6852439
6852439
6852440
6852441
6852442
6852919
6853093
6853095
6855441
6855442
6855443
6855444
6855445
6855446
6855447
6855448
6855449
6855450
6855451
6855452
6856037
6856038
6856039
6856040
6856041
6857378
6857424
6857425
6858334
6858335
6858336
6858337
6858338
6858339
6858340
6858790
6858952
6861165
6861166
6861167
6861168
6861169
6861170
6861170
6861170
6861171
6861172
6862885
6863064
6863999
6864000
6864001
6864002
6864003
6864004
6864005
6864006
6864006
6864007
6864008
6864008
6864009
6864010
6864413
6864414
6864593
6864596
6866949
6866950
6866951
6866952
6866953
6866954
6866955
6866956
6866957
6866958
6866959
6868794
6868795
6869703
6869704
6869705
6869706
6869707
6869708
6869709
6869710
6869711
6869712
6869713
6869714
6869715
6869716
6869717
6869718
6869719
6869720
6869721
6870086
6870087
6870088
6870279
6870280
6872479
6872480
6872481
6872482
6872483
6872484
6872485
6872486
6875529
6875530
6875531
6875532
6875533
6875534
6875535
6875536
6875537
6875913
6876098
6876100
6877444
6877506
6877507
6878470
6878471
6878472
6878473
6878474
6878475
6878476
6878477
6878478
6878479
6878870
6879054
6880552
6881506
6881507
6881508
6881509
6881510
6881511
6881511
6881892
6882058
6883440
6884527
6884528
6884529
6884530
6884531
6884532
6884533
6884534
6884535
6884536
6884537
6884538
6884933
6886338
6886475
6887596
6887597
6887598
6887599
6887600
6887601
6887602
6887603
6887604
6887605
6887606
6887607
6887608
6887609
6887610
6887611
6887612
6888058
6888261
6888263
6890670
6890671
6890672
6890673
6890673
6890674
6890675
6890676
6890677
6890678
6890679
6891279
6891280
6892538
6892723
6893753
6893754
6893755
6893756
6893757
6893758
6893759
6893760
6893761
6893762
6893763
6893764
6893765
6893766
6893767
6893768
6893769
6896981
6896982
6896983
6896984
6896985
6896986
6896987
6896988
6896989
6896990
6896991
6897369
6897574
6899095
6899096
6899097
6899522
6899966
6899967
6899968
6899969
6899970
6900381
6901867
6902837
6902838
6902839
6902840
6903259
6903260
6903465
6905790
6905791
6905792
6906252
6906430
6908698
6908699
6908700
6908701
6909041
6909197
6911056
6911273
6911274
6911275
6911276
6911277
6911592
6911593
6911594
6911740
6911742
6911743
6911744
6912852
6913014
6913631
6913843
6913844
6913845
6913846
6913847
6913848
6913849
6913850
6914181
6915749
6916561
6916562
6916563
6916564
6916565
6916566
6916567
6916568
6916569
6916570
6916571
6916572
6916573
6916574
6916980
6916981
6920756
6921593
6921594
6921595
6921596
6921597
6921598
6921599
6921600
6921601
6921602
6921602
6921603
6921604
6921605
6921984
6921985
6922997
6923127
6923173
6924048
6924049
6924050
6924051
6924052
6924053
6924054
6924055
6924056
6924057
6924426
6924563
6926977
6926978
6926979
6926980
6926981
6926982
6926983
6926984
6926985
6926986
6926987
6926988
6926989
6927501
6927502
6930236
6930237
6931850
6931999
6932000
6932002
6933066
6933067
6933068
6933068
6933069
6933070
6933071
6933435
6933624
6936158
6936358
6936359
6936360
6936361
6936362
6936363
6936364
6936364
6936365
6936366
6936367
6936368
6936369
6936370
6936759
6936760
6939628
6939629
6939630
6939631
6939632
6939633
6939634
6939635
6939636
6939637
6939638
6939639
6940007
6940008
6940184
6940185
6941877
6942936
6942937
6942938
6942939
6942940
6942941
6942942
6943461
6945062
6945179
6945245
6946208
6946209
6946210
6946211
6946212
6946213
6946214
6946596
6946749
6946750
6949303
6949304
6949304
6949305
6949306
6949307
6949308
6949841
6951696
6951697
6952057
6953037
6953629
6953630
6953631
6953631
6953632
6953633
6953634
6953635
6954003
6955167
6955859
6955860
6955861
6955861
6956162
6957535
6957649
6958194
6958195
6960233
6960399
6960400
6960400
6960401
6960402
6960403
6960404
6960406
6960715
6960716
6960717
6960718
6962149
6962759
6963023
6963024
6964819
6964820
6964821
6964822
6964823
6964824
6964825
6965173
6966183
6967062
6967063
6967064
6967277
6969560
6969561
6969562
6969563
6969564
6969925
6971237
6971322
6972159
6972160
6972161
6972497
6974643
6974644
6974645
6974646
6974647
6974903
6975044
6977117
6977118
6977119
6977120
6977121
6979502
6979503
6979504
6979505
6979506
6979507
6979508
6979509
6979510
6979770
6981376
6982127
6982128
6982129
6984463
6984464
6984465
6984466
6984896
6984897
6984898
6986956
6986957
6986958
6986959
6986960
6986961
6986962
6989204
6989205
6989206
6989207
6989208
6989209
6989210
6989211
6989212
6989213
6989214
6989215
6991863
6991864
6991865
6991866
6991867
6991868
6991868
6991869
6991870
6992401
6994036
6994081
6994926
6994927
6994928
6994929
6994930
6994931
6995311
6996987
6997964
6997965
6998184
6998185
6998186
6998187
6998188
7000607
7001680
7001681
7001682
7001683
7001684
7001685
7001686
7001687
7002259
7003954
7004086
7004087
7004088
7005203
7005204
7005205
7005206
7005207
7005208
7005209
7008706
7008707
7008708
7008709
7008710
7008711
7008712
7008713
7008714
7008715
7008716
7008717
7008718
7011085
7011900
7011901
7011902
7011903
7011904
7011905
7012187
7013644
7013886
7014927
7014928
7014929
7014930
7014931
7014932
7014933
7014934
7014935
7014936
7014937
7014938
7014939
7014940
7014941
7014942
7014943
7015594
7018731
7018732
7018733
7018734
7019206
7019207
7019208
7022424
7022425
7022426
7022427
7022428
7022429
7022909
7023104
7024856
7025006
7026064
7026065
7026066
7026540
7026541
7026542
7026722
7028476
7028684
7029774
7029775
7029776
7029777
7029778
7029779
7029780
7029781
7029782
7029783
7029784
7030312
7032587
7033686
7033687
7033688
7033689
7033690
7033691
7033692
7033693
7037608
7037609
7037610
7037611
7037612
7037613
7037614
7037615
7037616
7037617
7037618
7038329
7041401
7041402
7041403
7041404
7041405
7041406
7041407
7041408
7041409
7041410
7042108
7042109
7045228
7045229
7045230
7045231
7045232
7045232
7045233
7045234
7045235
7045236
7045237
7045238
7045239
7045240
7045241
7045242
7045243
7045244
7045701
7045702
7049013
7049014
7049015
7049016
7049017
7049018
7049019
7049020
7049021
7049022
7049023
7049024
7051528
7052786
7052787
7052788
7052789
7052790
7052791
7052792
7052793
7052794
7052795
7052796
7053292
7053293
7055518
7056607
7056608
7056609
7056610
7056611
7056612
7056613
7056614
7057101
7057304
7059130
7060379
7060380
7060381
7060382
7060383
7060384
7060890
7061132
7061133
7063026
7063904
7063905
7063906
7063907
7063908
7063909
7063910
7063911
7063912
7063913
7064262
7067052
7067207
7067208
7067209
7067210
7067211
7067212
7067213
7067214
7067215
7067216
7067936
7069865
7070871
7070872
7070873
7070874
7070875
7070876
7070877
7070877
7070878
7071404
7071405
7071406
7071577
7071578
7074508
7074509
7074510
7074510
7074511
7074512
7074513
7074514
7075001
7075188
7075191
7077122
7077123
7078115
7078116
7078117
7078118
7078119
7078120
7078121
7078611
7078612
7081309
7081310
7081311
7081312
7081313
7081314
7081316
7081583
7081584
7081688
7083657
7083873
7083874
7084519
7084521
7084522
7087325
7087326
7087327
7087328
7087329
7087330
7087331
7087332
7087333
7087334
7087335
7087336
7087337
7087338
7087339
7087340
7087830
7087831
7087832
7087833
7089739
7089752
7090767
7090937
7090938
7090939
7090940
7090941
7090942
7091410
7093592
7094484
7094485
7094486
7094487
7094488
7094489
7094490
7094491
7095127
7095128
7095129
7095130
7097675
7097925
7097926
7097927
7097928
7097929
7097930
7097931
7097932
7098393
7098394
7098549
7098550
7098551
7098552
7101634
7101635
7101636
7101637
7101638
7101639
7102073
7102246
7102247
7104063
7105241
7105242
7105243
7105244
7105245
7105939
7105940
7105941
7107915
7107983
7108927
7108928
7108929
7108930
7108931
7108932
7108933
7108934
7108935
7108936
7108936
7108937
7108938
7109408
7109597
7109598
7109599
7112377
7112378
7112379
7112380
7112381
7112382
7112383
7112384
7112385
7112892
7115332
7115333
7115334
7115335
7115336
7115810
7118817
7118818
7118819
7118820
7118821
7118822
7119270
7119271
7119451
7119452
7122257
7122258
7122259
7122260
7122261
7122262
7122263
7122264
7122265
7122266
7122267
7122268
7122732
7122733
7122734
7122735
7124582
7124583
7125616
7125617
7125618
7125619
7125620
7125621
7125622
7125623
7125624
7125625
7126051
7126052
7126053
7126234
7126235
7127893
7128989
7128990
7128991
7128992
7128993
7128994
7128995
7128996
7129595
7132177
7132178
7132179
7132180
7132181
7132182
7132183
7132184
7132185
7132186
7132187
7132188
7132189
7132190
7132191
7132192
7132597
7132759
7135243
7135244
7135245
7135246
7135247
7135248
7135785
7138196
7138197
7138198
7138199
7138200
7138200
7138201
7138202
7138577
7140180
7141319
7141320
7141321
7141322
7141323
7141324
7141325
7141326
7141327
7141328
7141733
7141734
7141886
7143761
7144643
7144644
7144645
7144646
7144647
7144648
7144648
7144649
7144650
7144651
7145070
7145261
7147944
7147945
7147946
7147947
7147948
7147949
7147949
7147950
7147951
7147952
7147954
7147955
7147956
7147957
7147958
7147958
7147959
7148416
7150926
7150927
7150928
7150929
7150930
7150931
7150932
7150933
7151216
7152407
7152536
7153597
7153598
7153599
7153600
7153601
7153602
7153603
7153604
7154190
7154191
7154192
